//guards moving 3 < , 4 >, 6 ^, 7 V (5 is light)
//guards turnpoints 11 ^, 12 V, 13 >, 14 <
//laser 15 ^, 16 V, 17 >, 18 <
//laser deactivated 19 ^, 20 V, 22 <, 23 > (21 is laser line ^V) (25 is laser line <>)


int blevel1AI[16][48] = {   0, 0, 0,  0,  0, 0, 0,  0, 0,  0,  0, 0,   0, 0, 1,  1,  1, 1,   1,  1, 1,  1, 1, 1,    1, 1, 1,  1,  1, 1, 1,  1, 1,  1 , 1, 1,   1, 1, 1,  1,  1, 1, 1,  1, 1,  1,  1, 1,
							0,13, 1,  1,  1, 1, 1,  1, 1,  1,  1, 1,  12, 0, 1,  1,  1, 1,   1,  1, 1,  1, 1, 1,    1, 1, 1,  1,  1, 1, 1,  1, 1,  1 , 1, 1,   1, 1, 1,  1,  1, 1, 1,  1, 1,  1, 12, 1,
							0, 1, 0,  0,  0, 0, 0,  0, 0,  0,  0, 0,   1, 0, 1,  1,  1, 1,   1,  1, 1,  1, 1, 1,    1, 1, 1,  1,  1, 1, 1,  1, 1,  1 , 1, 1,   1, 1, 1,  1,  1, 1, 1,  1, 1,  1,  1, 1,
							0,11, 3,  1,  0, 0, 0,  0, 0,  0,  0, 0,   1, 0, 1,  1,  1, 1,   1,  1, 1,  1, 1, 1,    1, 1, 1,  1,  1, 1, 1,  1, 1,  1 , 1, 1,   1, 1, 1,  1,  1, 1, 1,  1, 1,  1,  1, 1,
							0, 0, 0,  0,  0, 0, 0,  0, 0,  0,  0, 0,   1, 0, 1,  1,  1, 1,   1,  1, 1,  1, 1, 1,    1, 1, 1,  1,  1, 1, 1,  1, 1,  1 , 1, 1,   1, 1, 1,  1,  1, 1, 1,  1, 1,  1,  1, 1,
							0, 1, 1,  1,  1, 1, 1,  1, 1,  1,  1, 0,   1, 0, 1,  1,  1, 1,   1,  1, 1,  1, 1, 1,    1, 1, 1,  1,  1, 1, 1,  1, 1,  1 , 1, 1,   1, 1, 1,  1,  1, 1, 1,  1, 1,  1,  1, 1,
							0, 1, 1,  1,  1, 1, 1,  1, 1,  1,  1, 0,   1, 0, 1,  1,  1, 1,   1,  1, 1,  1, 1, 1,    1, 1, 1,  1,  1, 1, 1,  1, 1,  1 , 1, 1,   1, 1, 1,  1,  1, 1, 1,  1, 1,  1,  1, 1,
							0, 1, 1,  1,  1, 1, 1,  1, 1,  1,  1, 0,   1, 0, 1,  1,  1, 1,   1,  1, 1,  1, 1, 1,    1, 1, 1,  1,  1, 1, 1,  1, 1,  1 , 1, 1,   1, 1, 1,  1,  1, 1, 1,  1, 1,  1,  1, 1,
						
							0, 1, 1,  1,  1, 1, 1,  1, 1,  1,  1, 0,   1, 0, 1,  1,  1, 1,   1,  1, 1,  1, 1, 1,    1, 1, 1,  1,  1, 1, 1,  1, 1,  1 , 1, 1,   1, 1, 1,  1,  1, 1, 1,  1, 1,  1,  1, 1,
							0, 1, 1,  1,  1, 1, 1,  1, 1,  1,  1, 0,   1, 0, 1,  1,  1, 1,   1,  1, 1,  1, 1, 1,    1, 1, 1,  1,  1, 1, 1,  1, 1,  1 , 1, 1,   1, 1, 1,  1,  1, 1, 1,  1, 1,  1,  1, 1,
							0, 1, 1,  1,  1, 1, 1,  1, 1,  1,  1, 0,   1, 0, 1,  1,  1, 1,   1,  1, 1,  1, 1, 1,    1, 1, 1,  1,  1, 1, 1,  1, 1,  1 , 1, 1,   1, 1, 1,  1,  1, 1, 1,  1, 1,  1,  1, 1,
							0, 1, 1,  1,  1, 1, 1,  1, 1,  1,  1, 0,   1, 0, 1,  1,  1, 1,   1,  1, 1,  1, 1, 1,    1, 1, 1,  1,  1, 1, 1,  1, 1,  1 , 1, 1,   1, 1, 1,  1,  1, 1, 1,  1, 1,  1,  1, 1,
							0, 1, 1,  1,  1, 1, 1,  1, 1,  1,  1, 0,   1, 0, 1,  1,  1, 1,   1,  1, 1,  1, 1, 1,    1, 1, 1,  1,  1, 1, 1,  1, 1,  1 , 1, 1,   1, 1, 1,  1,  1, 1, 1,  1, 1,  1,  1, 1,
							0, 1, 1,  1,  1, 1, 1,  1, 1,  1,  1, 0,   1, 0, 1,  1,  1, 1,   1,  1, 1,  1, 1, 1,    1, 1, 1,  1,  1, 1, 1,  1, 1,  1 , 1, 1,   1, 1, 1,  1,  1, 1, 1,  1, 1,  1,  1, 1,
							0, 1, 1,  1,  1, 1, 1,  1, 1,  1,  1, 0,  11, 0, 1,  1,  1, 1,   1,  1, 1,  1, 1, 1,    1, 1, 1,  1,  1, 1, 1,  1, 1,  1 , 1, 1,   1, 1, 1,  1,  1, 1, 1,  1, 1,  1,  1, 1,
							0, 0, 0,  0,  0, 0, 0,  0, 0,  0,  0, 0,   0, 0, 1,  1,  1, 1,   1,  1, 1,  1, 1, 1,    1, 1, 1,  1,  1, 1, 1,  1, 1,  1 , 1, 1,   1, 1, 1,  1,  1, 1, 1,  1, 1,  1,  1, 1,
};



int blevel1[16][48] = {     0, 0, 0,  0,  0, 0, 0,  0, 0,  0,  0, 0,   0, 0, 1,  1,  1, 1,   1,  1, 1,  1, 1, 1,    1, 1, 1,  1,  1, 1, 1,  1, 1,  1 , 1, 1,   1, 1, 1,  1,  1, 1, 1,  1, 1,  1,  1, 1,
							0, 1, 1,  1,  1, 1, 1,  1, 1,  1,  1, 1,   1, 0, 1,  1,  1, 1,   1,  1, 1,  1, 1, 1,    1, 1, 1,  1,  1, 1, 1,  1, 1,  1 , 1, 1,   1, 1, 1,  1,  1, 1, 1,  1, 1,  1,  1, 1,
							0, 1, 0,  0,  0, 0, 0,  0, 0,  0,  0, 0,   1, 0, 1,  1,  1, 1,   1,  1, 1,  1, 1, 1,    1, 1, 1,  1,  1, 1, 1,  1, 1,  1 , 1, 1,   1, 1, 1,  1,  1, 1, 1,  1, 1,  1,  1, 1,
							0, 1, 3,  1,  0, 0, 0,  0, 0,  0,  0, 0,   1, 0, 1,  1,  1, 1,   1,  1, 1,  1, 1, 1,    1, 1, 1,  1,  1, 1, 1,  1, 1,  1 , 1, 1,   1, 1, 1,  1,  1, 1, 1,  1, 1,  1,  1, 1,
							0, 0, 0,  0,  0, 0, 0,  0, 0,  0,  0, 0,   1, 0, 1,  1,  1, 1,   1,  1, 1,  1, 1, 1,    1, 1, 1,  1,  1, 1, 1,  1, 1,  1 , 1, 1,   1, 1, 1,  1,  1, 1, 1,  1, 1,  1,  1, 1,
							0, 1, 1,  1,  1, 1, 1,  1, 1,  1,  1, 0,   1, 0, 1,  1,  1, 1,   1,  1, 1,  1, 1, 1,    1, 1, 1,  1,  1, 1, 1,  1, 1,  1 , 1, 1,   1, 1, 1,  1,  1, 1, 1,  1, 1,  1,  1, 1,
							0, 1, 1,  1,  1, 1, 1,  1, 1,  1,  1, 0,   1, 0, 1,  1,  1, 1,   1,  1, 1,  1, 1, 1,    1, 1, 1,  1,  1, 1, 1,  1, 1,  1 , 1, 1,   1, 1, 1,  1,  1, 1, 1,  1, 1,  1,  1, 1,
							0, 1, 1,  1,  1, 1, 1,  1, 1,  1,  1, 0,   1, 0, 1,  1,  1, 1,   1,  1, 1,  1, 1, 1,    1, 1, 1,  1,  1, 1, 1,  1, 1,  1 , 1, 1,   1, 1, 1,  1,  1, 1, 1,  1, 1,  1,  1, 1,
							
							0, 1, 1,  1,  1, 1, 1,  1, 1,  1,  1, 0,   1, 0, 1,  1,  1, 1,   1,  1, 1,  1, 1, 1,    1, 1, 1,  1,  1, 1, 1,  1, 1,  1 , 1, 1,   1, 1, 1,  1,  1, 1, 1,  1, 1,  1,  1, 1,
							0, 1, 1,  1,  1, 1, 1,  1, 1,  1,  1, 0,   1, 0, 1,  1,  1, 1,   1,  1, 1,  1, 1, 1,    1, 1, 1,  1,  1, 1, 1,  1, 1,  1 , 1, 1,   1, 1, 1,  1,  1, 1, 1,  1, 1,  1,  1, 1,
							0, 1, 1,  1,  1, 1, 1,  1, 1,  1,  1, 0,   1, 0, 1,  1,  1, 1,   1,  1, 1,  1, 1, 1,    1, 1, 1,  1,  1, 1, 1,  1, 1,  1 , 1, 1,   1, 1, 1,  1,  1, 1, 1,  1, 1,  1,  1, 1,
							0, 1, 1,  1,  1, 1, 1,  1, 1,  1,  1, 0,   1, 0, 1,  1,  1, 1,   1,  1, 1,  1, 1, 1,    1, 1, 1,  1,  1, 1, 1,  1, 1,  1 , 1, 1,   1, 1, 1,  1,  1, 1, 1,  1, 1,  1,  1, 1,
							0, 1, 1,  1,  1, 1, 1,  1, 1,  1,  1, 0,   1, 0, 1,  1,  1, 1,   1,  1, 1,  1, 1, 1,    1, 1, 1,  1,  1, 1, 1,  1, 1,  1 , 1, 1,   1, 1, 1,  1,  1, 1, 1,  1, 1,  1,  1, 1,
							0, 1, 1,  1,  1, 1, 1,  1, 1,  1,  1, 0,   1, 0, 1,  1,  1, 1,   1,  1, 1,  1, 1, 1,    1, 1, 1,  1,  1, 1, 1,  1, 1,  1 , 1, 1,   1, 1, 1,  1,  1, 1, 1,  1, 1,  1,  1, 1,
							0, 1, 1,  1,  1, 1, 1,  1, 1,  1,  1, 0,  69, 0, 1,  1,  1, 1,   1,  1, 1,  1, 1, 1,    1, 1, 1,  1,  1, 1, 1,  1, 1,  1 , 1, 1,   1, 1, 1,  1,  1, 1, 1,  1, 1,  1,  1, 1,
							0, 0, 0,  0,  0, 0, 0,  0, 0,  0,  0, 0,   0, 0, 1,  1,  1, 1,   1,  1, 1,  1, 1, 1,    1, 1, 1,  1,  1, 1, 1,  1, 1,  1 , 1, 1,   1, 1, 1,  1,  1, 1, 1,  1, 1,  1,  1, 1,
};

int level2AI[16][48] = {   0, 0, 0,  0,  0, 0, 0,  0, 0,  0,  0, 0,   0, 0, 0,  0,  0, 0,   0,  0, 0,  0, 0, 0,    0, 0, 0,  0,  0, 0, 0,  0, 0,  0,  0, 0,   0, 0, 0,  0,  0, 0, 0,  0, 0,  0,  0, 0,
							0, 1, 1, 13,  4, 1, 1,  1, 1,  1,  4, 1,   1, 1, 1,  1,  1,12,   0,  1, 1, 13, 1, 1,    1, 1, 4,  1, 1, 1,  1, 1,  1 , 1,  1, 1,   1, 1,  1,  1, 1, 4,  1, 1, 1, 12,  1, 0,
							0, 0, 0,  1,  0, 0, 0,  0, 0,  0,  0, 0,   0, 0, 0,  0,  0, 7,   0,  1, 0,  1, 0, 0,    0, 0, 0,  0, 0, 0,  0, 0,  0 , 0,  0, 0,   0, 0,  0,  0, 0, 0,  0, 0, 0,  7,  1, 0,
							0,12, 0,  1,  0, 0, 0,  0, 0,  0,  0, 0,   0, 0, 0,  0,  0, 1,   0,  1, 0,  1, 0, 0,    0, 0, 0,  0, 0, 0,  0, 0,  0 , 0,  0, 0,   0, 0,  0,  0, 0, 0,  0, 0, 0,  1,  1, 0,
							0, 1, 0,  1,  0, 0, 0,  0, 0,  0,  0, 0,   0, 0, 0,  0,  0, 1,   0,  1, 0,  1, 0, 0,    0, 0, 0,  0, 0, 0,  0, 0,  0 , 0,  0, 0,   0, 0,  0,  0, 0, 0,  0, 0, 0,  1,  1, 0,
							0, 6, 0,  6,  0, 0, 0,  0, 0,  0,  0, 0,   0, 0, 0,  0,  0, 1,   0,  1, 0,  6, 0, 0,    0, 0, 0,  0, 0, 0,  0, 0,  0 , 0,  0, 0,   0, 0,  0,  0, 0, 0,  0, 0, 0,  1,  1, 0,
							0,11, 0, 11,  1, 1, 1,  3, 1,  1,  1, 1,   1, 1, 1,  1,  3,14,   1,  1, 0, 11, 1, 1,    1, 1, 3,  1, 1, 1,  1, 1,  1 , 1,  1, 1,   1, 1,  1,  1, 1, 1,  1, 1, 3, 14, 69, 0,
							0, 0, 0,  0,  0, 0, 0,  0, 0,  0,  0, 0,   0, 0, 0,  0,  0, 0,   0,  0, 0,  0, 0, 0,    0, 0, 0,  0,  0, 0, 0,  0, 0,  0,  0, 0,   0, 0, 0,  0,  0, 0, 0,  0, 0,  0,  0, 0,
							
							1, 1, 1,  1,  1, 1, 1,  1, 1,  1,  1, 1,   1, 1, 1,  1,  1, 1,   1,  1, 1,  1, 1, 1,    1, 1, 1,  1,  1, 1, 1,  1, 1,  1 , 1, 1,   1, 1, 1,  1,  1, 1, 1,  1, 1,  1,  1, 1,
							1, 1, 1,  1,  1, 1, 1,  1, 1,  1,  1, 1,   1, 1, 1,  1,  1, 1,   1,  1, 1,  1, 1, 1,    1, 1, 1,  1,  1, 1, 1,  1, 1,  1 , 1, 1,   1, 1, 1,  1,  1, 1, 1,  1, 1,  1,  1, 1,
							1, 1, 1,  1,  1, 1, 1,  1, 1,  1,  1, 1,   1, 1, 1,  1,  1, 1,   1,  1, 1,  1, 1, 1,    1, 1, 1,  1,  1, 1, 1,  1, 1,  1 , 1, 1,   1, 1, 1,  1,  1, 1, 1,  1, 1,  1,  1, 1,
							1, 1, 1,  1,  1, 1, 1,  1, 1,  1,  1, 1,   1, 1, 1,  1,  1, 1,   1,  1, 1,  1, 1, 1,    1, 1, 1,  1,  1, 1, 1,  1, 1,  1 , 1, 1,   1, 1, 1,  1,  1, 1, 1,  1, 1,  1,  1, 1,
							1, 1, 1,  1,  1, 1, 1,  1, 1,  1,  1, 1,   1, 1, 1,  1,  1, 1,   1,  1, 1,  1, 1, 1,    1, 1, 1,  1,  1, 1, 1,  1, 1,  1 , 1, 1,   1, 1, 1,  1,  1, 1, 1,  1, 1,  1,  1, 1,
							1, 1, 1,  1,  1, 1, 1,  1, 1,  1,  1, 1,   1, 1, 1,  1,  1, 1,   1,  1, 1,  1, 1, 1,    1, 1, 1,  1,  1, 1, 1,  1, 1,  1 , 1, 1,   1, 1, 1,  1,  1, 1, 1,  1, 1,  1,  1, 1,
							1, 1, 1,  1,  1, 1, 1,  1, 1,  1,  1, 1,   1, 1, 1,  1,  1, 1,   1,  1, 1,  1, 1, 1,    1, 1, 1,  1,  1, 1, 1,  1, 1,  1 , 1, 1,   1, 1, 1,  1,  1, 1, 1,  1, 1,  1,  1, 1,
							1, 1, 1,  1,  1, 1, 1,  1, 1,  1,  1, 1,   1, 1, 1,  1,  1, 1,   1,  1, 1,  1, 1, 1,    1, 1, 1,  1,  1, 1, 1,  1, 1,  1 , 1, 1,   1, 1, 1,  1,  1, 1, 1,  1, 1,  1,  1, 1,
};



int level2[16][48] = {     0, 0, 0,  0,  0, 0, 0,  0, 0,  0,  0, 0,   0, 0, 0,  0,  0, 0,   0,  0, 0,  0, 0, 0,    0, 0, 0,  0,  0, 0, 0,  0, 0,  0,  0, 0,   0, 0, 0,  0,  0, 0, 0,  0, 0,  0,  0, 0,
							0, 1, 1,  1,  4, 1, 1,  1, 1,  1,  4, 1,   1, 1, 1,  1,  1, 1,   0,  1, 1,  1, 1, 1,    1, 1, 4,  1, 1, 1,  1, 1,  1 , 1,  1, 1,   1, 1,  1,  1, 1, 4,  1, 1, 1,  1,  1, 0,
							0, 0, 0,  1,  0, 0, 0,  0, 0,  0,  0, 0,   0, 0, 0,  0,  0, 7,   0,  1, 0,  1, 0, 0,    0, 0, 0,  0, 0, 0,  0, 0,  0 , 0,  0, 0,   0, 0,  0,  0, 0, 0,  0, 0, 0,  7,  1, 0,
							0, 1, 0,  1,  0, 0, 0,  0, 0,  0,  0, 0,   0, 0, 0,  0,  0, 1,   0,  1, 0,  1, 0, 0,    0, 0, 0,  0, 0, 0,  0, 0,  0 , 0,  0, 0,   0, 0,  0,  0, 0, 0,  0, 0, 0,  1,  1, 0,
							0, 1, 0,  1,  0, 0, 0,  0, 0,  0,  0, 0,   0, 0, 0,  0,  0, 1,   0,  1, 0,  1, 0, 0,    0, 0, 0,  0, 0, 0,  0, 0,  0 , 0,  0, 0,   0, 0,  0,  0, 0, 0,  0, 0, 0,  1,  1, 0,
							0, 6, 0,  6,  0, 0, 0,  0, 0,  0,  0, 0,   0, 0, 0,  0,  0, 1,   0,  1, 0,  6, 0, 0,    0, 0, 0,  0, 0, 0,  0, 0,  0 , 0,  0, 0,   0, 0,  0,  0, 0, 0,  0, 0, 0,  1,  1, 0,
							0, 1, 0,  1,  1, 1, 1,  3, 1,  1,  1, 1,   1, 1, 1,  1,  3, 1,   1,  1, 0,  1, 1, 1,    1, 1, 3,  1, 1, 1,  1, 1,  1 , 1,  1, 1,   1, 1,  1,  1, 1, 1,  1, 1, 3,  1, 69, 0,
							0, 0, 0,  0,  0, 0, 0,  0, 0,  0,  0, 0,   0, 0, 0,  0,  0, 0,   0,  0, 0,  0, 0, 0,    0, 0, 0,  0,  0, 0, 0,  0, 0,  0,  0, 0,   0, 0, 0,  0,  0, 0, 0,  0, 0,  0,  0, 0,
							
							1, 1, 1,  1,  1, 1, 1,  1, 1,  1,  1, 1,   1, 1, 1,  1,  1, 1,   1,  1, 1,  1, 1, 1,    1, 1, 1,  1,  1, 1, 1,  1, 1,  1 , 1, 1,   1, 1, 1,  1,  1, 1, 1,  1, 1,  1,  1, 1,
							1, 1, 1,  1,  1, 1, 1,  1, 1,  1,  1, 1,   1, 1, 1,  1,  1, 1,   1,  1, 1,  1, 1, 1,    1, 1, 1,  1,  1, 1, 1,  1, 1,  1 , 1, 1,   1, 1, 1,  1,  1, 1, 1,  1, 1,  1,  1, 1,
							1, 1, 1,  1,  1, 1, 1,  1, 1,  1,  1, 1,   1, 1, 1,  1,  1, 1,   1,  1, 1,  1, 1, 1,    1, 1, 1,  1,  1, 1, 1,  1, 1,  1 , 1, 1,   1, 1, 1,  1,  1, 1, 1,  1, 1,  1,  1, 1,
							1, 1, 1,  1,  1, 1, 1,  1, 1,  1,  1, 1,   1, 1, 1,  1,  1, 1,   1,  1, 1,  1, 1, 1,    1, 1, 1,  1,  1, 1, 1,  1, 1,  1 , 1, 1,   1, 1, 1,  1,  1, 1, 1,  1, 1,  1,  1, 1,
							1, 1, 1,  1,  1, 1, 1,  1, 1,  1,  1, 1,   1, 1, 1,  1,  1, 1,   1,  1, 1,  1, 1, 1,    1, 1, 1,  1,  1, 1, 1,  1, 1,  1 , 1, 1,   1, 1, 1,  1,  1, 1, 1,  1, 1,  1,  1, 1,
							1, 1, 1,  1,  1, 1, 1,  1, 1,  1,  1, 1,   1, 1, 1,  1,  1, 1,   1,  1, 1,  1, 1, 1,    1, 1, 1,  1,  1, 1, 1,  1, 1,  1 , 1, 1,   1, 1, 1,  1,  1, 1, 1,  1, 1,  1,  1, 1,
							1, 1, 1,  1,  1, 1, 1,  1, 1,  1,  1, 1,   1, 1, 1,  1,  1, 1,   1,  1, 1,  1, 1, 1,    1, 1, 1,  1,  1, 1, 1,  1, 1,  1 , 1, 1,   1, 1, 1,  1,  1, 1, 1,  1, 1,  1,  1, 1,
							1, 1, 1,  1,  1, 1, 1,  1, 1,  1,  1, 1,   1, 1, 1,  1,  1, 1,   1,  1, 1,  1, 1, 1,    1, 1, 1,  1,  1, 1, 1,  1, 1,  1 , 1, 1,   1, 1, 1,  1,  1, 1, 1,  1, 1,  1,  1, 1,
};



int level3AI[16][48] = {   0, 0, 0,  0,  0, 0, 0,  0, 0,  0,  0, 0,   0, 0, 0,  0,  0, 0,   0,  0, 0,  0, 0, 0,    1, 1, 1,  1,  1, 1, 1,  1, 1,  1 , 1, 1,   1, 1, 1,  1,  1, 1, 1,  1, 1,  1,  1, 1,
							0, 1, 1,  1,  1, 1, 1,  1, 1,  1,  1, 1,   1,1, 1,   1,  1, 1,   1,  1, 1,  1, 1, 0,    1, 1, 1,  1,  1, 1, 1,  1, 1,  1 , 1, 1,   1, 1, 1,  1,  1, 1, 1,  1, 1,  1,  1, 1,
							0, 1, 1,  1,  1, 1, 1,  1, 1,  1,  1, 1,   1, 1, 1,  1,  1, 1,   1,  1, 1,  0, 1, 0,    1, 1, 1,  1,  1, 1, 1,  1, 1,  1 , 1, 1,   1, 1, 1,  1,  1, 1, 1,  1, 1,  1,  1, 1,
							0, 1, 1,  1,  1, 1, 1,  1, 1,  1,  1, 1,   1, 1, 1,  1,  1, 3,   1,  1, 1,  0, 1, 0,    1, 1, 1,  1,  1, 1, 1,  1, 1,  1 , 1, 1,   1, 1, 1,  1,  1, 1, 1,  1, 1,  1,  1, 1,
							0, 1, 1,  1,  1, 1, 1,  1, 1,  1,  1, 1,   1, 1, 1,  1,  1, 1,   1,  1, 1,  0, 1, 0,    1, 1, 1,  1,  1, 1, 1,  1, 1,  1 , 1, 1,   1, 1, 1,  1,  1, 1, 1,  1, 1,  1,  1, 1,
							0, 1, 1,  1,  1, 1, 1,  1, 1,  1,  1, 1,   1, 1, 1,  1,  1, 1,   1,  1, 1,  0, 1, 0,    1, 1, 1,  1,  1, 1, 1,  1, 1,  1 , 1, 1,   1, 1, 1,  1,  1, 1, 1,  1, 1,  1,  1, 1,
							0, 1, 1,  1,  1, 1, 1,  1, 1,  1,  1, 1,   1, 1, 1,  1,  1, 1,   1,  1, 1,  0,69, 0,    1, 1, 1,  1,  1, 1, 1,  1, 1,  1 , 1, 1,   1, 1, 1,  1,  1, 1, 1,  1, 1,  1,  1, 1,
							0, 0, 0,  0,  0, 0, 0,  0, 0,  0,  0, 0,   0, 0, 0,  0,  0, 0,   0,  0, 0,  0, 0, 0,    1, 1, 1,  1,  1, 1, 1,  1, 1,  1 , 1, 1,   1, 1, 1,  1,  1, 1, 1,  1, 1,  1,  1, 1,
							
							1, 1, 1,  1,  1, 1, 1,  1, 1,  1,  1, 1,   1, 1, 1,  1,  1, 1,   1,  1, 1,  1, 1, 1,    1, 1, 1,  1,  1, 1, 1,  1, 1,  1 , 1, 1,   1, 1, 1,  1,  1, 1, 1,  1, 1,  1,  1, 1,
							1, 1, 1,  1,  1, 1, 1,  1, 1,  1,  1, 1,   1, 1, 1,  1,  1, 1,   1,  1, 1,  1, 1, 1,    1, 1, 1,  1,  1, 1, 1,  1, 1,  1 , 1, 1,   1, 1, 1,  1,  1, 1, 1,  1, 1,  1,  1, 1,
							1, 1, 1,  1,  1, 1, 1,  1, 1,  1,  1, 1,   1, 1, 1,  1,  1, 1,   1,  1, 1,  1, 1, 1,    1, 1, 1,  1,  1, 1, 1,  1, 1,  1 , 1, 1,   1, 1, 1,  1,  1, 1, 1,  1, 1,  1,  1, 1,
							1, 1, 1,  1,  1, 1, 1,  1, 1,  1,  1, 1,   1, 1, 1,  1,  1, 1,   1,  1, 1,  1, 1, 1,    1, 1, 1,  1,  1, 1, 1,  1, 1,  1 , 1, 1,   1, 1, 1,  1,  1, 1, 1,  1, 1,  1,  1, 1,
							1, 1, 1,  1,  1, 1, 1,  1, 1,  1,  1, 1,   1, 1, 1,  1,  1, 1,   1,  1, 1,  1, 1, 1,    1, 1, 1,  1,  1, 1, 1,  1, 1,  1 , 1, 1,   1, 1, 1,  1,  1, 1, 1,  1, 1,  1,  1, 1,
							1, 1, 1,  1,  1, 1, 1,  1, 1,  1,  1, 1,   1, 1, 1,  1,  1, 1,   1,  1, 1,  1, 1, 1,    1, 1, 1,  1,  1, 1, 1,  1, 1,  1 , 1, 1,   1, 1, 1,  1,  1, 1, 1,  1, 1,  1,  1, 1,
							1, 1, 1,  1,  1, 1, 1,  1, 1,  1,  1, 1,   1, 1, 1,  1,  1, 1,   1,  1, 1,  1, 1, 1,    1, 1, 1,  1,  1, 1, 1,  1, 1,  1 , 1, 1,   1, 1, 1,  1,  1, 1, 1,  1, 1,  1,  1, 1,
							1, 1, 1,  1,  1, 1, 1,  1, 1,  1,  1, 1,   1, 1, 1,  1,  1, 1,   1,  1, 1,  1, 1, 1,    1, 1, 1,  1,  1, 1, 1,  1, 1,  1 , 1, 1,   1, 1, 1,  1,  1, 1, 1,  1, 1,  1,  1, 1,
};



int level3[16][48] = {     0, 0, 0,  0,  0, 0, 0, 0, 0,  0,   0, 0,   0, 0, 0,  0,  0, 0,   0,  0, 0,  0,  0, 0,   1, 1, 1,  1,  1, 1, 1,  1, 1,  1 , 1, 1,   1, 1, 1,  1,  1, 1, 1,  1, 1,  1,  1, 1,
							0, 1, 0, 17,  1, 1, 1, 1, 1,  1,   1, 1,   1, 1, 1,  1,  1, 1,   1,  1, 1,  1,  1, 0,   1, 1, 1,  1,  1, 1, 1,  1, 1,  1 , 1, 1,   1, 1, 1,  1,  1, 1, 1,  1, 1,  1,  1, 1,
							0, 1, 1,  1,  0, 1, 1, 1, 1,  1,   1, 1,   1,18,16,  1,  1, 1,   1,  1, 1,  0,  1, 0,   1, 1, 1,  1,  1, 1, 1,  1, 1,  1 , 1, 1,   1, 1, 1,  1,  1, 1, 1,  1, 1,  1,  1, 1,
							0, 1, 0,  1,  1, 1, 1, 1, 1,  1,   1, 1,   1, 1, 1,  0,  0, 1,   1,  1, 1,  0,  1, 0,   1, 1, 1,  1,  1, 1, 1,  1, 1,  1 , 1, 1,   1, 1, 1,  1,  1, 1, 1,  1, 1,  1,  1, 1,
							0, 1, 1,  1,  1, 1, 1, 1, 1,  1,   0, 1,   1, 1, 1,  1,  1,18,   1,  1, 1,  0,  1, 0,   1, 1, 1,  1,  1, 1, 1,  1, 1,  1 , 1, 1,   1, 1, 1,  1,  1, 1, 1,  1, 1,  1,  1, 1,
							0, 1, 0, 15,  1, 1, 0, 1, 1, 18,   1, 1,   1, 1, 1,  1,  0, 1,   1,  1, 1,  0,  1, 0,   1, 1, 1,  1,  1, 1, 1,  1, 1,  1 , 1, 1,   1, 1, 1,  1,  1, 1, 1,  1, 1,  1,  1, 1,
							0, 1, 1,  1, 15, 1, 1, 1, 1,  1,   1, 1,   1, 1, 1,  1,  1, 1,  15,  1, 1,  0, 69, 0,   1, 1, 1,  1,  1, 1, 1,  1, 1,  1 , 1, 1,   1, 1, 1,  1,  1, 1, 1,  1, 1,  1,  1, 1,
							0, 0, 0,  0,  0, 0, 0, 0, 0,  0,   0, 0,   0, 0, 0,  0,  0, 0,   0,  0, 0,  0,  0, 0,   1, 1, 1,  1,  1, 1, 1,  1, 1,  1 , 1, 1,   1, 1, 1,  1,  1, 1, 1,  1, 1,  1,  1, 1,
							
							1, 1, 1,  1,  1, 1, 1,  1, 1,  1,  1, 1,   1, 1, 1,  1,  1, 1,   1,  1, 1,  1, 1, 1,    1, 1, 1,  1,  1, 1, 1,  1, 1,  1 , 1, 1,   1, 1, 1,  1,  1, 1, 1,  1, 1,  1,  1, 1,
							1, 1, 1,  1,  1, 1, 1,  1, 1,  1,  1, 1,   1, 1, 1,  1,  1, 1,   1,  1, 1,  1, 1, 1,    1, 1, 1,  1,  1, 1, 1,  1, 1,  1 , 1, 1,   1, 1, 1,  1,  1, 1, 1,  1, 1,  1,  1, 1,
							1, 1, 1,  1,  1, 1, 1,  1, 1,  1,  1, 1,   1, 1, 1,  1,  1, 1,   1,  1, 1,  1, 1, 1,    1, 1, 1,  1,  1, 1, 1,  1, 1,  1 , 1, 1,   1, 1, 1,  1,  1, 1, 1,  1, 1,  1,  1, 1,
							1, 1, 1,  1,  1, 1, 1,  1, 1,  1,  1, 1,   1, 1, 1,  1,  1, 1,   1,  1, 1,  1, 1, 1,    1, 1, 1,  1,  1, 1, 1,  1, 1,  1 , 1, 1,   1, 1, 1,  1,  1, 1, 1,  1, 1,  1,  1, 1,
							1, 1, 1,  1,  1, 1, 1,  1, 1,  1,  1, 1,   1, 1, 1,  1,  1, 1,   1,  1, 1,  1, 1, 1,    1, 1, 1,  1,  1, 1, 1,  1, 1,  1 , 1, 1,   1, 1, 1,  1,  1, 1, 1,  1, 1,  1,  1, 1,
							1, 1, 1,  1,  1, 1, 1,  1, 1,  1,  1, 1,   1, 1, 1,  1,  1, 1,   1,  1, 1,  1, 1, 1,    1, 1, 1,  1,  1, 1, 1,  1, 1,  1 , 1, 1,   1, 1, 1,  1,  1, 1, 1,  1, 1,  1,  1, 1,
							1, 1, 1,  1,  1, 1, 1,  1, 1,  1,  1, 1,   1, 1, 1,  1,  1, 1,   1,  1, 1,  1, 1, 1,    1, 1, 1,  1,  1, 1, 1,  1, 1,  1 , 1, 1,   1, 1, 1,  1,  1, 1, 1,  1, 1,  1,  1, 1,
							1, 1, 1,  1,  1, 1, 1,  1, 1,  1,  1, 1,   1, 1, 1,  1,  1, 1,   1,  1, 1,  1, 1, 1,    1, 1, 1,  1,  1, 1, 1,  1, 1,  1 , 1, 1,   1, 1, 1,  1,  1, 1, 1,  1, 1,  1,  1, 1,
};




int level4AI[16][48] = {   0, 0, 0,  0,  0, 0, 0,  0, 0,  0,  0, 0,   0, 0, 0,  0,  0, 0,   0,  0, 0,  0, 0, 0,    0, 1, 1,  1,  1, 1, 1,  1, 1,  1 , 1, 1,   1, 1, 1,  1,  1, 1, 1,  1, 1,  1,  1, 1,
							0, 1, 1,  0,  1, 1, 1,  1, 1,  1,  1, 1,   1, 1, 1,  1,  1, 1,   1,  1, 1,  1, 1,69,    0, 1, 1,  1,  1, 1, 1,  1, 1,  1 , 1, 1,   1, 1, 1,  1,  1, 1, 1,  1, 1,  1,  1, 1,
							0, 1, 1,  0, 17, 1, 1,  1, 1,  1,  1, 1,   1, 1, 1,  1,  1, 1,   1,  1, 1,  1, 1, 1,    0, 1, 1,  1,  1, 1, 1,  1, 1,  1 , 1, 1,   1, 1, 1,  1,  1, 1, 1,  1, 1,  1,  1, 1,
							0, 1, 1,  0,  1, 1, 1,  1, 1,  1,  1, 1,   1, 1, 1,  1,  1, 1,   1,  1, 1,  1, 1,18,    0, 1, 1,  1,  1, 1, 1,  1, 1,  1 , 1, 1,   1, 1, 1,  1,  1, 1, 1,  1, 1,  1,  1, 1,
							0, 1, 1,  0,  1,13, 1,  1, 1,  1,  1, 4,   1, 1, 1,  1,  1, 1,   1,  1, 1,  1, 1,14,    0, 1, 1,  1,  1, 1, 1,  1, 1,  1 , 1, 1,   1, 1, 1,  1,  1, 1, 1,  1, 1,  1,  1, 1,
							0, 1, 1,  0,  1,13, 1,  1, 1,  1,  1, 1,   1, 1, 3,  1,  1, 1,   1,  1, 1,  1,14, 1,    0, 1, 1,  1,  1, 1, 1,  1, 1,  1 , 1, 1,   1, 1, 1,  1,  1, 1, 1,  1, 1,  1,  1, 1,
							0, 1, 1,  1,  1, 1, 1,  1, 1,  1,  1, 1,   1, 1, 1,  1,  1, 1,   1,  1, 1,  1, 1, 1,    0, 1, 1,  1,  1, 1, 1,  1, 1,  1 , 1, 1,   1, 1, 1,  1,  1, 1, 1,  1, 1,  1,  1, 1,
							0, 1,15,  0,  1, 1, 1,  1, 1,  1,  1, 1,   1, 1, 1,  1,  1, 1,   1,  1, 1,  1, 1, 1,    0, 1, 1,  1,  1, 1, 1,  1, 1,  1 , 1, 1,   1, 1, 1,  1,  1, 1, 1,  1, 1,  1,  1, 1,
							
							0, 1, 1,  1,  1, 1, 1,  1, 1,  1,  1, 1,   1, 1, 1,  1,  1, 1,   1,  1, 1,  1, 1,18,    0, 1, 1,  1,  1, 1, 1,  1, 1,  1 , 1, 1,   1, 1, 1,  1,  1, 1, 1,  1, 1,  1,  1, 1,
							0, 0, 0,  0,  0, 0, 0,  0, 0,  0,  0, 0,   0, 0, 0,  0,  0, 0,   0,  0, 0,  0, 0, 0,    0, 1, 1,  1,  1, 1, 1,  1, 1,  1 , 1, 1,   1, 1, 1,  1,  1, 1, 1,  1, 1,  1,  1, 1,
							1, 1, 1,  1,  1, 1, 1,  1, 1,  1,  1, 1,   1, 1, 1,  1,  1, 1,   1,  1, 1,  1, 1, 1,    1, 1, 1,  1,  1, 1, 1,  1, 1,  1 , 1, 1,   1, 1, 1,  1,  1, 1, 1,  1, 1,  1,  1, 1,
							1, 1, 1,  1,  1, 1, 1,  1, 1,  1,  1, 1,   1, 1, 1,  1,  1, 1,   1,  1, 1,  1, 1, 1,    1, 1, 1,  1,  1, 1, 1,  1, 1,  1 , 1, 1,   1, 1, 1,  1,  1, 1, 1,  1, 1,  1,  1, 1,
							1, 1, 1,  1,  1, 1, 1,  1, 1,  1,  1, 1,   1, 1, 1,  1,  1, 1,   1,  1, 1,  1, 1, 1,    1, 1, 1,  1,  1, 1, 1,  1, 1,  1 , 1, 1,   1, 1, 1,  1,  1, 1, 1,  1, 1,  1,  1, 1,
							1, 1, 1,  1,  1, 1, 1,  1, 1,  1,  1, 1,   1, 1, 1,  1,  1, 1,   1,  1, 1,  1, 1, 1,    1, 1, 1,  1,  1, 1, 1,  1, 1,  1 , 1, 1,   1, 1, 1,  1,  1, 1, 1,  1, 1,  1,  1, 1,
							1, 1, 1,  1,  1, 1, 1,  1, 1,  1,  1, 1,   1, 1, 1,  1,  1, 1,   1,  1, 1,  1, 1, 1,    1, 1, 1,  1,  1, 1, 1,  1, 1,  1 , 1, 1,   1, 1, 1,  1,  1, 1, 1,  1, 1,  1,  1, 1,
							1, 1, 1,  1,  1, 1, 1,  1, 1,  1,  1, 1,   1, 1, 1,  1,  1, 1,   1,  1, 1,  1, 1, 1,    1, 1, 1,  1,  1, 1, 1,  1, 1,  1 , 1, 1,   1, 1, 1,  1,  1, 1, 1,  1, 1,  1,  1, 1,
};



int level4[16][48] = {     0, 0, 0,  0,  0, 0, 0,  0, 0,  0,  0, 0,   0, 0, 0,  0,  0, 0,   0,  0, 0,  0, 0, 0,    0, 1, 1,  1,  1, 1, 1,  1, 1,  1 , 1, 1,   1, 1, 1,  1,  1, 1, 1,  1, 1,  1,  1, 1,
							0, 1, 1,  0,  1, 1, 1,  1, 1,  1,  1, 1,   1, 1, 1,  1,  1, 1,   1,  1, 1,  1, 1,69,    0, 1, 1,  1,  1, 1, 1,  1, 1,  1 , 1, 1,   1, 1, 1,  1,  1, 1, 1,  1, 1,  1,  1, 1,
							0, 1, 1,  0, 17, 1, 1,  1, 1,  1,  1, 1,   1, 1, 1,  1,  1, 1,   1,  1, 1,  1, 1, 1,    0, 1, 1,  1,  1, 1, 1,  1, 1,  1 , 1, 1,   1, 1, 1,  1,  1, 1, 1,  1, 1,  1,  1, 1,
							0, 1, 1,  0,  1, 1, 1,  1, 1,  1,  1, 1,   1, 1, 1,  1,  1, 1,   1,  1, 1,  1, 1,18,    0, 1, 1,  1,  1, 1, 1,  1, 1,  1 , 1, 1,   1, 1, 1,  1,  1, 1, 1,  1, 1,  1,  1, 1,
							0, 1, 1,  0,  1, 1, 1,  1, 1,  1,  1, 4,   1, 1, 1,  1,  1, 1,   1,  1, 1,  1, 1, 1,    0, 1, 1,  1,  1, 1, 1,  1, 1,  1 , 1, 1,   1, 1, 1,  1,  1, 1, 1,  1, 1,  1,  1, 1,
							0, 1, 1,  0,  1, 1, 1,  1, 1,  1,  1, 1,   1, 1, 3,  1,  1, 1,   1,  1, 1,  1, 1, 1,    0, 1, 1,  1,  1, 1, 1,  1, 1,  1 , 1, 1,   1, 1, 1,  1,  1, 1, 1,  1, 1,  1,  1, 1,
							0, 1, 1,  1,  1, 1, 1,  1, 1,  1,  1, 1,   1, 1, 1,  1,  1, 1,   1,  1, 1,  1, 1, 1,    0, 1, 1,  1,  1, 1, 1,  1, 1,  1 , 1, 1,   1, 1, 1,  1,  1, 1, 1,  1, 1,  1,  1, 1,
							0, 1,15,  0,  1, 1, 1,  1, 1,  1,  1, 1,   1, 1, 1,  1,  1, 1,   1,  1, 1,  1, 1, 1,    0, 1, 1,  1,  1, 1, 1,  1, 1,  1 , 1, 1,   1, 1, 1,  1,  1, 1, 1,  1, 1,  1,  1, 1,
							
							0, 1, 1,  1,  1, 1, 1,  1, 1,  1,  1, 1,   1, 1, 1,  1,  1, 1,   1,  1, 1,  1, 1,18,    0, 1, 1,  1,  1, 1, 1,  1, 1,  1 , 1, 1,   1, 1, 1,  1,  1, 1, 1,  1, 1,  1,  1, 1,
							0, 0, 0,  0,  0, 0, 0,  0, 0,  0,  0, 0,   0, 0, 0,  0,  0, 0,   0,  0, 0,  0, 0, 0,    0, 1, 1,  1,  1, 1, 1,  1, 1,  1 , 1, 1,   1, 1, 1,  1,  1, 1, 1,  1, 1,  1,  1, 1,
							1, 1, 1,  1,  1, 1, 1,  1, 1,  1,  1, 1,   1, 1, 1,  1,  1, 1,   1,  1, 1,  1, 1, 1,    1, 1, 1,  1,  1, 1, 1,  1, 1,  1 , 1, 1,   1, 1, 1,  1,  1, 1, 1,  1, 1,  1,  1, 1,
							1, 1, 1,  1,  1, 1, 1,  1, 1,  1,  1, 1,   1, 1, 1,  1,  1, 1,   1,  1, 1,  1, 1, 1,    1, 1, 1,  1,  1, 1, 1,  1, 1,  1 , 1, 1,   1, 1, 1,  1,  1, 1, 1,  1, 1,  1,  1, 1,
							1, 1, 1,  1,  1, 1, 1,  1, 1,  1,  1, 1,   1, 1, 1,  1,  1, 1,   1,  1, 1,  1, 1, 1,    1, 1, 1,  1,  1, 1, 1,  1, 1,  1 , 1, 1,   1, 1, 1,  1,  1, 1, 1,  1, 1,  1,  1, 1,
							1, 1, 1,  1,  1, 1, 1,  1, 1,  1,  1, 1,   1, 1, 1,  1,  1, 1,   1,  1, 1,  1, 1, 1,    1, 1, 1,  1,  1, 1, 1,  1, 1,  1 , 1, 1,   1, 1, 1,  1,  1, 1, 1,  1, 1,  1,  1, 1,
							1, 1, 1,  1,  1, 1, 1,  1, 1,  1,  1, 1,   1, 1, 1,  1,  1, 1,   1,  1, 1,  1, 1, 1,    1, 1, 1,  1,  1, 1, 1,  1, 1,  1 , 1, 1,   1, 1, 1,  1,  1, 1, 1,  1, 1,  1,  1, 1,
							1, 1, 1,  1,  1, 1, 1,  1, 1,  1,  1, 1,   1, 1, 1,  1,  1, 1,   1,  1, 1,  1, 1, 1,    1, 1, 1,  1,  1, 1, 1,  1, 1,  1 , 1, 1,   1, 1, 1,  1,  1, 1, 1,  1, 1,  1,  1, 1,
};



int level5AI[16][48] = {   0, 0, 0,  0,  0, 0, 0,  0, 0,  0,  0, 0,   0, 0, 0,  0,  0, 0,   0,  0, 0,  0, 0, 0,    0, 0, 0,  0,  0, 0, 0,  0, 0,  0,  0, 0,   0, 0, 0,  0,  0, 0, 0,  0, 0,  0,  0, 0,
							0, 1, 1,  1,  1, 1, 1,  1, 1,  1,  1, 1,  20,13, 1,  1,  1, 1,   1,  1, 1,  1, 3,14,   13, 4, 1,  1,  1, 1, 1,  1, 1,  1 ,14,20,   1, 1, 1,  1,  1, 1, 1,  1, 1,  1,  1, 0,
							0, 1, 1,  1,  1, 1, 1,  1, 1,  1,  1, 1,   1, 1, 1,  1,  1, 1,   1,  1, 1,  1, 1, 1,    1, 1, 1,  1,  1, 1, 1,  1, 1,  1 , 1, 1,   1, 1, 1,  1,  1, 1, 1,  1, 1,  1,  1, 0,
							0,17, 1,  1,  1, 1, 1,  1, 1,  1,  1, 1,   1, 1, 1,  1,  1, 1,   1,  1, 1,  1, 1, 1,    1, 1, 1,  1,  1, 1, 1,  1, 1,  1 , 1, 1,   1, 1, 1,  1,  1, 1, 1,  1, 1,  1,  1, 0,
							0, 1, 1,  1,  1, 1, 1,  1, 1,  1,  1, 1,   1, 1, 1,  1,  1, 1,   1,  1, 1,  1, 1, 1,    1, 1, 1,  1,  1, 1, 1,  1, 1,  1 , 1, 1,   1, 1, 1,  1,  1, 1, 1,  1, 1,  1, 18, 0,
							0,17, 1,  1,  1, 1, 1,  1, 1,  1,  1, 1,   1, 1, 1,  1,  1, 1,   1,  1, 1,  1, 1, 1,    1, 1, 1,  1,  1, 1, 1,  1, 1,  1 , 1, 1,   1, 1, 1,  1,  1, 1, 1,  1, 1,  1,  1, 0,
							0, 1, 1,  1,  1, 1, 1,  1, 1,  1,  1, 1,   1, 1, 1,  1,  1, 1,   1,  1, 1,  1, 1, 1,    1, 1, 1,  1,  1, 1, 1,  1, 1,  1 , 1, 1,   0, 0, 0,  0,  0, 0, 0,  0, 0,  0,  0, 0,
							0, 1, 1,  1,  1, 1, 1,  1, 1,  1,  1, 1,   1, 1, 1,  1,  1, 1,   1,  1, 1,  1, 1, 1,    1, 1, 1,  1,  1, 1, 1,  1, 1,  1 , 1, 1,   0, 1, 1,  1,  1, 1, 1,  1, 1,  1,  1, 0,
							
							0,17, 1,  1,  1, 1, 1,  1, 1,  1,  1, 1,   1, 1, 1,  1,  1, 1,   1,  1, 1,  1, 1, 1,    1, 1, 1,  1,  1, 1, 1,  1, 1,  1 , 1, 1,   1, 1, 1,  1,  1, 1, 1,  1, 1,  1, 69, 0,
							0, 0, 0,  0,  0, 0, 0,  0, 0,  0,  0, 0,   0, 0, 0,  0,  0, 0,   0,  0, 0,  0,  0, 0,   0, 0, 0,  0,  0, 0, 0,  0, 0,  0,  0, 0,   0, 0, 0,  0,  0, 0, 0,  0, 0,  0,  0, 0,
							1, 1, 1,  1,  1, 1, 1,  1, 1,  1,  1, 1,   1, 1, 1,  1,  1, 1,   1,  1, 1,  1, 1, 1,    1, 1, 1,  1,  1, 1, 1,  1, 1,  1 , 1, 1,   1, 1, 1,  1,  1, 1, 1,  1, 1,  1,  1, 1,
							1, 1, 1,  1,  1, 1, 1,  1, 1,  1,  1, 1,   1, 1, 1,  1,  1, 1,   1,  1, 1,  1, 1, 1,    1, 1, 1,  1,  1, 1, 1,  1, 1,  1 , 1, 1,   1, 1, 1,  1,  1, 1, 1,  1, 1,  1,  1, 1,
							1, 1, 1,  1,  1, 1, 1,  1, 1,  1,  1, 1,   1, 1, 1,  1,  1, 1,   1,  1, 1,  1, 1, 1,    1, 1, 1,  1,  1, 1, 1,  1, 1,  1 , 1, 1,   1, 1, 1,  1,  1, 1, 1,  1, 1,  1,  1, 1,
							1, 1, 1,  1,  1, 1, 1,  1, 1,  1,  1, 1,   1, 1, 1,  1,  1, 1,   1,  1, 1,  1, 1, 1,    1, 1, 1,  1,  1, 1, 1,  1, 1,  1 , 1, 1,   1, 1, 1,  1,  1, 1, 1,  1, 1,  1,  1, 1,
							1, 1, 1,  1,  1, 1, 1,  1, 1,  1,  1, 1,   1, 1, 1,  1,  1, 1,   1,  1, 1,  1, 1, 1,    1, 1, 1,  1,  1, 1, 1,  1, 1,  1 , 1, 1,   1, 1, 1,  1,  1, 1, 1,  1, 1,  1,  1, 1,
							1, 1, 1,  1,  1, 1, 1,  1, 1,  1,  1, 1,   1, 1, 1,  1,  1, 1,   1,  1, 1,  1, 1, 1,    1, 1, 1,  1,  1, 1, 1,  1, 1,  1 , 1, 1,   1, 1, 1,  1,  1, 1, 1,  1, 1,  1,  1, 1,
};



int level5[16][48] = {     0, 0, 0,  0,  0, 0, 0,  0, 0,  0,  0, 0,   0, 0, 0,  0,  0, 0,   0,  0, 0,  0, 0, 0,    0, 0, 0,  0,  0, 0, 0,  0, 0,  0,  0, 0,   0, 0, 0,  0,  0, 0, 0,  0, 0,  0,  0, 0,
							0, 1, 1,  1,  1, 1, 1,  1, 1,  1,  1, 1,  20, 1, 1,  1,  1, 1,   1,  1, 1,  1, 3, 1,    1, 4, 1,  1,  1, 1, 1,  1, 1,  1 , 1,20,   1, 1, 1,  1,  1, 1, 1,  1, 1,  1,  1, 0,
							0, 1, 1,  1,  1, 1, 1,  1, 1,  1,  1, 1,   1, 1, 1,  1,  1, 1,   1,  1, 1,  1, 1, 1,    1, 1, 1,  1,  1, 1, 1,  1, 1,  1 , 1, 1,   1, 1, 1,  1,  1, 1, 1,  1, 1,  1,  1, 0,
							0,17, 1,  1,  1, 1, 1,  1, 1,  1,  1, 1,   1, 1, 1,  1,  1, 1,   1,  1, 1,  1, 1, 1,    1, 1, 1,  1,  1, 1, 1,  1, 1,  1 , 1, 1,   1, 1, 1,  1,  1, 1, 1,  1, 1,  1,  1, 0,
							0, 1, 1,  1,  1, 1, 1,  1, 1,  1,  1, 1,   1, 1, 1,  1,  1, 1,   1,  1, 1,  1, 1, 1,    1, 1, 1,  1,  1, 1, 1,  1, 1,  1 , 1, 1,   1, 1, 1,  1,  1, 1, 1,  1, 1,  1, 18, 0,
							0,17, 1,  1,  1, 1, 1,  1, 1,  1,  1, 1,   1, 1, 1,  1,  1, 1,   1,  1, 1,  1, 1, 1,    1, 1, 1,  1,  1, 1, 1,  1, 1,  1 , 1, 1,   1, 1, 1,  1,  1, 1, 1,  1, 1,  1,  1, 0,
							0, 1, 1,  1,  1, 1, 1,  1, 1,  1,  1, 1,   1, 1, 1,  1,  1, 1,   1,  1, 1,  1, 1, 1,    1, 1, 1,  1,  1, 1, 1,  1, 1,  1 , 1, 1,   0, 0, 0,  0,  0, 0, 0,  0, 0,  0,  0, 0,
							0, 1, 1,  1,  1, 1, 1,  1, 1,  1,  1, 1,   1, 1, 1,  1,  1, 1,   1,  1, 1,  1, 1, 1,    1, 1, 1,  1,  1, 1, 1,  1, 1,  1 , 1, 1,   0, 1, 1,  1,  1, 1, 1,  1, 1,  1,  1, 0,
							
							0, 1, 1,  1,  1, 1, 1,  1, 1,  1,  1, 1,   1, 1, 1,  1,  1, 1,   1,  1, 1,  1, 1, 1,    1, 1, 1,  1,  1, 1, 1,  1, 1,  1 , 1, 1,   1, 1, 1,  1,  1, 1, 1,  1, 1,  1, 69, 0,
							0, 0, 0,  0,  0, 0, 0,  0, 0,  0,  0, 0,   0, 0, 0,  0,  0, 0,   0,  0, 0,  0,  0, 0,   0, 0, 0,  0,  0, 0, 0,  0, 0,  0,  0, 0,   0, 0, 0,  0,  0, 0, 0,  0, 0,  0,  0, 0,
							1, 1, 1,  1,  1, 1, 1,  1, 1,  1,  1, 1,   1, 1, 1,  1,  1, 1,   1,  1, 1,  1, 1, 1,    1, 1, 1,  1,  1, 1, 1,  1, 1,  1 , 1, 1,   1, 1, 1,  1,  1, 1, 1,  1, 1,  1,  1, 1,
							1, 1, 1,  1,  1, 1, 1,  1, 1,  1,  1, 1,   1, 1, 1,  1,  1, 1,   1,  1, 1,  1, 1, 1,    1, 1, 1,  1,  1, 1, 1,  1, 1,  1 , 1, 1,   1, 1, 1,  1,  1, 1, 1,  1, 1,  1,  1, 1,
							1, 1, 1,  1,  1, 1, 1,  1, 1,  1,  1, 1,   1, 1, 1,  1,  1, 1,   1,  1, 1,  1, 1, 1,    1, 1, 1,  1,  1, 1, 1,  1, 1,  1 , 1, 1,   1, 1, 1,  1,  1, 1, 1,  1, 1,  1,  1, 1,
							1, 1, 1,  1,  1, 1, 1,  1, 1,  1,  1, 1,   1, 1, 1,  1,  1, 1,   1,  1, 1,  1, 1, 1,    1, 1, 1,  1,  1, 1, 1,  1, 1,  1 , 1, 1,   1, 1, 1,  1,  1, 1, 1,  1, 1,  1,  1, 1,
							1, 1, 1,  1,  1, 1, 1,  1, 1,  1,  1, 1,   1, 1, 1,  1,  1, 1,   1,  1, 1,  1, 1, 1,    1, 1, 1,  1,  1, 1, 1,  1, 1,  1 , 1, 1,   1, 1, 1,  1,  1, 1, 1,  1, 1,  1,  1, 1,
							1, 1, 1,  1,  1, 1, 1,  1, 1,  1,  1, 1,   1, 1, 1,  1,  1, 1,   1,  1, 1,  1, 1, 1,    1, 1, 1,  1,  1, 1, 1,  1, 1,  1 , 1, 1,   1, 1, 1,  1,  1, 1, 1,  1, 1,  1,  1, 1,
};



int level6AI[16][48] = {   0, 0, 0,  0,  0, 0, 0,  0, 0,  0,  0, 0,   0, 0, 0,  0,  0, 0,   0,  0, 0,  0, 0, 0,    0, 1, 1,  1,  1, 1, 1,  1, 1,  1 , 1, 1,   1, 1, 1,  1,  1, 1, 1,  1, 1,  1,  1, 1,
							0, 1, 1,  0, 13, 1, 3,  1,14,  0,  1, 1,   0, 1, 1,  0,  1, 1,   0,  1, 1,  1, 1,69,    0, 1, 1,  1,  1, 1, 1,  1, 1,  1 , 1, 1,   1, 1, 1,  1,  1, 1, 1,  1, 1,  1,  1, 1,
							0, 1, 1,  0,  1, 1, 0,  1, 1,  0, 13, 1,   1, 3,14,  0, 13, 1,   1,  3,14,  1, 1, 1,    0, 1, 1,  1,  1, 1, 1,  1, 1,  1 , 1, 1,   1, 1, 1,  1,  1, 1, 1,  1, 1,  1,  1, 1,
							0, 1, 1,  0,  1, 1, 0,  1, 1,  0,  1, 1,   0, 1, 1,  0,  1, 1,   0,  1, 1,  1, 1, 1,    0, 1, 1,  1,  1, 1, 1,  1, 1,  1 , 1, 1,   1, 1, 1,  1,  1, 1, 1,  1, 1,  1,  1, 1,
							0, 1, 1,  0,  1, 1, 0, 13, 1,  3,  1,14,   0, 1, 1,  0,  1, 1,   0,  1, 1,  1, 1, 1,    0, 1, 1,  1,  1, 1, 1,  1, 1,  1 , 1, 1,   1, 1, 1,  1,  1, 1, 1,  1, 1,  1,  1, 1,
							0, 1, 1,  0,  1, 1, 0,  1, 1,  0,  1, 1,   0,13, 1,  1,  3,14,   0,  1, 1,  1, 1, 1,    0, 1, 1,  1,  1, 1, 1,  1, 1,  1 , 1, 1,   1, 1, 1,  1,  1, 1, 1,  1, 1,  1,  1, 1,
							0,13, 1,  3,  1,14, 0,  1, 1,  0,  1, 1,   0, 1, 1,  0,  1, 1,   0,  1, 1, 15, 1, 1,    0, 1, 1,  1,  1, 1, 1,  1, 1,  1 , 1, 1,   1, 1, 1,  1,  1, 1, 1,  1, 1,  1,  1, 1,
							0, 0, 0,  0,  0, 0, 0,  0, 0,  0,  0, 0,   0, 0, 0,  0,  0, 0,   0,  0, 0,  0, 0, 0,    0, 1, 1,  1,  1, 1, 1,  1, 1,  1 , 1, 1,   1, 1, 1,  1,  1, 1, 1,  1, 1,  1,  1, 1,
							
							1, 1, 1,  1,  1, 1, 1,  1, 1,  1,  1, 1,   1, 1, 1,  1,  1, 1,   1,  1, 1,  1, 1, 1,    1, 1, 1,  1,  1, 1, 1,  1, 1,  1 , 1, 1,   1, 1, 1,  1,  1, 1, 1,  1, 1,  1,  1, 1,
							1, 1, 1,  1,  1, 1, 1,  1, 1,  1,  1, 1,   1, 1, 1,  1,  1, 1,   1,  1, 1,  1, 1, 1,    1, 1, 1,  1,  1, 1, 1,  1, 1,  1 , 1, 1,   1, 1, 1,  1,  1, 1, 1,  1, 1,  1,  1, 1,
							1, 1, 1,  1,  1, 1, 1,  1, 1,  1,  1, 1,   1, 1, 1,  1,  1, 1,   1,  1, 1,  1, 1, 1,    1, 1, 1,  1,  1, 1, 1,  1, 1,  1 , 1, 1,   1, 1, 1,  1,  1, 1, 1,  1, 1,  1,  1, 1,
							1, 1, 1,  1,  1, 1, 1,  1, 1,  1,  1, 1,   1, 1, 1,  1,  1, 1,   1,  1, 1,  1, 1, 1,    1, 1, 1,  1,  1, 1, 1,  1, 1,  1 , 1, 1,   1, 1, 1,  1,  1, 1, 1,  1, 1,  1,  1, 1,
							1, 1, 1,  1,  1, 1, 1,  1, 1,  1,  1, 1,   1, 1, 1,  1,  1, 1,   1,  1, 1,  1, 1, 1,    1, 1, 1,  1,  1, 1, 1,  1, 1,  1 , 1, 1,   1, 1, 1,  1,  1, 1, 1,  1, 1,  1,  1, 1,
							1, 1, 1,  1,  1, 1, 1,  1, 1,  1,  1, 1,   1, 1, 1,  1,  1, 1,   1,  1, 1,  1, 1, 1,    1, 1, 1,  1,  1, 1, 1,  1, 1,  1 , 1, 1,   1, 1, 1,  1,  1, 1, 1,  1, 1,  1,  1, 1,
							1, 1, 1,  1,  1, 1, 1,  1, 1,  1,  1, 1,   1, 1, 1,  1,  1, 1,   1,  1, 1,  1, 1, 1,    1, 1, 1,  1,  1, 1, 1,  1, 1,  1 , 1, 1,   1, 1, 1,  1,  1, 1, 1,  1, 1,  1,  1, 1,
							1, 1, 1,  1,  1, 1, 1,  1, 1,  1,  1, 1,   1, 1, 1,  1,  1, 1,   1,  1, 1,  1, 1, 1,    1, 1, 1,  1,  1, 1, 1,  1, 1,  1 , 1, 1,   1, 1, 1,  1,  1, 1, 1,  1, 1,  1,  1, 1,
};



int level6[16][48] = {     0, 0, 0,  0,  0, 0, 0,  0, 0,  0,  0, 0,   0, 0, 0,  0,  0, 0,   0,  0, 0,  0, 0, 0,    0, 1, 1,  1,  1, 1, 1,  1, 1,  1 , 1, 1,   1, 1, 1,  1,  1, 1, 1,  1, 1,  1,  1, 1,
							0, 1, 1,  0,  1, 1, 3,  1, 1,  0,  1, 1,   0, 1, 1,  0,  1, 1,   0,  1, 1,  1, 1,69,    0, 1, 1,  1,  1, 1, 1,  1, 1,  1 , 1, 1,   1, 1, 1,  1,  1, 1, 1,  1, 1,  1,  1, 1,
							0, 1, 1,  0,  1, 1, 0,  1, 1,  0,  1, 1,   1, 3, 1,  0,  1, 1,   1,  3, 1,  1, 1, 1,    0, 1, 1,  1,  1, 1, 1,  1, 1,  1 , 1, 1,   1, 1, 1,  1,  1, 1, 1,  1, 1,  1,  1, 1,
							0, 1, 1,  0,  1, 1, 0,  1, 1,  0,  1, 1,   0, 1, 1,  0,  1, 1,   0,  1, 1,  1, 1, 1,    0, 1, 1,  1,  1, 1, 1,  1, 1,  1 , 1, 1,   1, 1, 1,  1,  1, 1, 1,  1, 1,  1,  1, 1,
							0, 1, 1,  0,  1, 1, 0,  1, 1,  3,  1, 1,   0, 1, 1,  0,  1, 1,   0,  1, 1,  1, 1, 1,    0, 1, 1,  1,  1, 1, 1,  1, 1,  1 , 1, 1,   1, 1, 1,  1,  1, 1, 1,  1, 1,  1,  1, 1,
							0, 1, 1,  0,  1, 1, 0,  1, 1,  0,  1, 1,   0, 1, 1,  1,  3, 1,   0,  1, 1,  1, 1, 1,    0, 1, 1,  1,  1, 1, 1,  1, 1,  1 , 1, 1,   1, 1, 1,  1,  1, 1, 1,  1, 1,  1,  1, 1,
							0, 1, 1,  3,  1, 1, 0,  1, 1,  0,  1, 1,   0, 1, 1,  0,  1, 1,   0,  1, 1, 15, 1, 1,    0, 1, 1,  1,  1, 1, 1,  1, 1,  1 , 1, 1,   1, 1, 1,  1,  1, 1, 1,  1, 1,  1,  1, 1,
							0, 0, 0,  0,  0, 0, 0,  0, 0,  0,  0, 0,   0, 0, 0,  0,  0, 0,   0,  0, 0,  0, 0, 0,    0, 1, 1,  1,  1, 1, 1,  1, 1,  1 , 1, 1,   1, 1, 1,  1,  1, 1, 1,  1, 1,  1,  1, 1,
							
							1, 1, 1,  1,  1, 1, 1,  1, 1,  1,  1, 1,   1, 1, 1,  1,  1, 1,   1,  1, 1,  1, 1, 1,    1, 1, 1,  1,  1, 1, 1,  1, 1,  1 , 1, 1,   1, 1, 1,  1,  1, 1, 1,  1, 1,  1,  1, 1,
							1, 1, 1,  1,  1, 1, 1,  1, 1,  1,  1, 1,   1, 1, 1,  1,  1, 1,   1,  1, 1,  1, 1, 1,    1, 1, 1,  1,  1, 1, 1,  1, 1,  1 , 1, 1,   1, 1, 1,  1,  1, 1, 1,  1, 1,  1,  1, 1,
							1, 1, 1,  1,  1, 1, 1,  1, 1,  1,  1, 1,   1, 1, 1,  1,  1, 1,   1,  1, 1,  1, 1, 1,    1, 1, 1,  1,  1, 1, 1,  1, 1,  1 , 1, 1,   1, 1, 1,  1,  1, 1, 1,  1, 1,  1,  1, 1,
							1, 1, 1,  1,  1, 1, 1,  1, 1,  1,  1, 1,   1, 1, 1,  1,  1, 1,   1,  1, 1,  1, 1, 1,    1, 1, 1,  1,  1, 1, 1,  1, 1,  1 , 1, 1,   1, 1, 1,  1,  1, 1, 1,  1, 1,  1,  1, 1,
							1, 1, 1,  1,  1, 1, 1,  1, 1,  1,  1, 1,   1, 1, 1,  1,  1, 1,   1,  1, 1,  1, 1, 1,    1, 1, 1,  1,  1, 1, 1,  1, 1,  1 , 1, 1,   1, 1, 1,  1,  1, 1, 1,  1, 1,  1,  1, 1,
							1, 1, 1,  1,  1, 1, 1,  1, 1,  1,  1, 1,   1, 1, 1,  1,  1, 1,   1,  1, 1,  1, 1, 1,    1, 1, 1,  1,  1, 1, 1,  1, 1,  1 , 1, 1,   1, 1, 1,  1,  1, 1, 1,  1, 1,  1,  1, 1,
							1, 1, 1,  1,  1, 1, 1,  1, 1,  1,  1, 1,   1, 1, 1,  1,  1, 1,   1,  1, 1,  1, 1, 1,    1, 1, 1,  1,  1, 1, 1,  1, 1,  1 , 1, 1,   1, 1, 1,  1,  1, 1, 1,  1, 1,  1,  1, 1,
							1, 1, 1,  1,  1, 1, 1,  1, 1,  1,  1, 1,   1, 1, 1,  1,  1, 1,   1,  1, 1,  1, 1, 1,    1, 1, 1,  1,  1, 1, 1,  1, 1,  1 , 1, 1,   1, 1, 1,  1,  1, 1, 1,  1, 1,  1,  1, 1,
};


int level7AI[16][48] = {   0, 0, 0,  0,  0, 0, 0,  0, 0,  0,  0, 0,   0, 0, 0,  0,  0, 0,   0,  0, 0,  0, 0, 0,    1, 1, 1,  1,  1, 1, 1,  1, 1,  1 , 1, 1,   1, 1, 1,  1,  1, 1, 1,  1, 1,  1,  1, 1,
							0, 1, 0,  1, 12, 1, 1,  1, 1, 14,  1, 1,   1, 1, 0, 13,  1, 3,   1, 14,12,  1, 1, 0,    1, 1, 1,  1,  1, 1, 1,  1, 1,  1 , 1, 1,   1, 1, 1,  1,  1, 1, 1,  1, 1,  1,  1, 1,
							0, 1, 1,  1,  1, 0, 0,  0, 1,  1,  1, 0,   0, 1, 0, 12,  1, 1,   1,  1, 1,  0, 1, 0,    1, 1, 1,  1,  1, 1, 1,  1, 1,  1 , 1, 1,   1, 1, 1,  1,  1, 1, 1,  1, 1,  1,  1, 1,
							0, 0, 0,  1, 13, 1, 1,  1, 1, 11,  1, 0,   0, 1, 0,  1,  1, 1,   1, 22, 6,  0, 1, 0,    1, 1, 1,  1,  1, 1, 1,  1, 1,  1 , 1, 1,   1, 1, 1,  1,  1, 1, 1,  1, 1,  1,  1, 1,
							0, 1, 1,  1,  1, 0, 0,  1, 0,  1,  1, 0,   0, 1, 0,  7,  1, 1,   1,  1, 1,  0, 1, 0,    1, 1, 1,  1,  1, 1, 1,  1, 1,  1 , 1, 1,   1, 1, 1,  1,  1, 1, 1,  1, 1,  1,  1, 1,
							0, 1, 1,  0,  0, 1, 1,  1, 0,  0,  1, 0,   0, 1, 0,  1,  1, 1,   1,  1,11,  0, 1, 0,    1, 1, 1,  1,  1, 1, 1,  1, 1,  1 , 1, 1,   1, 1, 1,  1,  1, 1, 1,  1, 1,  1,  1, 1,
							0, 1, 1, 13,  1, 1, 1, 14, 1,  0,  1, 0,   0, 1, 1, 11, 13, 1,   4,  1,14,  0,69, 0,    1, 1, 1,  1,  1, 1, 1,  1, 1,  1 , 1, 1,   1, 1, 1,  1,  1, 1, 1,  1, 1,  1,  1, 1,
							0, 0, 0,  0,  0, 0, 0,  0, 0,  0,  0, 0,   0, 0, 0,  0,  0, 0,   0,  0, 0,  0, 0, 0,    1, 1, 1,  1,  1, 1, 1,  1, 1,  1 , 1, 1,   1, 1, 1,  1,  1, 1, 1,  1, 1,  1,  1, 1,
							
							1, 1, 1,  1,  1, 1, 1,  1, 1,  1,  1, 1,   1, 1, 1,  1,  1, 1,   1,  1, 1,  1, 1, 1,    1, 1, 1,  1,  1, 1, 1,  1, 1,  1 , 1, 1,   1, 1, 1,  1,  1, 1, 1,  1, 1,  1,  1, 1,
							1, 1, 1,  1,  1, 1, 1,  1, 1,  1,  1, 1,   1, 1, 1,  1,  1, 1,   1,  1, 1,  1, 1, 1,    1, 1, 1,  1,  1, 1, 1,  1, 1,  1 , 1, 1,   1, 1, 1,  1,  1, 1, 1,  1, 1,  1,  1, 1,
							1, 1, 1,  1,  1, 1, 1,  1, 1,  1,  1, 1,   1, 1, 1,  1,  1, 1,   1,  1, 1,  1, 1, 1,    1, 1, 1,  1,  1, 1, 1,  1, 1,  1 , 1, 1,   1, 1, 1,  1,  1, 1, 1,  1, 1,  1,  1, 1,
							1, 1, 1,  1,  1, 1, 1,  1, 1,  1,  1, 1,   1, 1, 1,  1,  1, 1,   1,  1, 1,  1, 1, 1,    1, 1, 1,  1,  1, 1, 1,  1, 1,  1 , 1, 1,   1, 1, 1,  1,  1, 1, 1,  1, 1,  1,  1, 1,
							1, 1, 1,  1,  1, 1, 1,  1, 1,  1,  1, 1,   1, 1, 1,  1,  1, 1,   1,  1, 1,  1, 1, 1,    1, 1, 1,  1,  1, 1, 1,  1, 1,  1 , 1, 1,   1, 1, 1,  1,  1, 1, 1,  1, 1,  1,  1, 1,
							1, 1, 1,  1,  1, 1, 1,  1, 1,  1,  1, 1,   1, 1, 1,  1,  1, 1,   1,  1, 1,  1, 1, 1,    1, 1, 1,  1,  1, 1, 1,  1, 1,  1 , 1, 1,   1, 1, 1,  1,  1, 1, 1,  1, 1,  1,  1, 1,
							1, 1, 1,  1,  1, 1, 1,  1, 1,  1,  1, 1,   1, 1, 1,  1,  1, 1,   1,  1, 1,  1, 1, 1,    1, 1, 1,  1,  1, 1, 1,  1, 1,  1 , 1, 1,   1, 1, 1,  1,  1, 1, 1,  1, 1,  1,  1, 1,
							1, 1, 1,  1,  1, 1, 1,  1, 1,  1,  1, 1,   1, 1, 1,  1,  1, 1,   1,  1, 1,  1, 1, 1,    1, 1, 1,  1,  1, 1, 1,  1, 1,  1 , 1, 1,   1, 1, 1,  1,  1, 1, 1,  1, 1,  1,  1, 1,
};



int level7[16][48] = {     0, 0, 0,  0,  0, 0, 0, 0, 0,  0,   0, 0,   0, 0, 0,  0,  0, 0,   0,  0, 0,  0,  0, 0,   1, 1, 1,  1,  1, 1, 1,  1, 1,  1 , 1, 1,   1, 1, 1,  1,  1, 1, 1,  1, 1,  1,  1, 1,
							0, 1, 0,  1,  1, 3, 1,  1, 1,  1,  1, 1,   1, 1, 0,  1,  1, 3,   1,  1, 1,  1,  1, 0,   1, 1, 1,  1,  1, 1, 1,  1, 1,  1 , 1, 1,   1, 1, 1,  1,  1, 1, 1,  1, 1,  1,  1, 1,
							0, 1, 1,  1,  1, 0, 0,  0, 1,  1,  1, 0,   0, 1, 0,  1,  1, 1,   1,  1, 1,  0,  1, 0,   1, 1, 1,  1,  1, 1, 1,  1, 1,  1 , 1, 1,   1, 1, 1,  1,  1, 1, 1,  1, 1,  1,  1, 1,
							0, 0, 0,  1,  4, 1, 1,  1, 1,  6,  1, 0,   0, 1, 0,  1,  1, 1,   1, 22, 6,  0,  1, 0,   1, 1, 1,  1,  1, 1, 1,  1, 1,  1 , 1, 1,   1, 1, 1,  1,  1, 1, 1,  1, 1,  1,  1, 1,
							0, 1, 1,  1,  1, 0, 0,  1, 0,  1,  1, 0,   0, 1, 0,  7,  1, 1,   1,  1, 1,  0,  1, 0,   1, 1, 1,  1,  1, 1, 1,  1, 1,  1 , 1, 1,   1, 1, 1,  1,  1, 1, 1,  1, 1,  1,  1, 1,
							0, 1, 1,  0,  0, 1, 1,  1, 0,  0,  1, 0,   0, 1, 0,  1,  1, 1,   1,  1, 1,  0,  1, 0,   1, 1, 1,  1,  1, 1, 1,  1, 1,  1 , 1, 1,   1, 1, 1,  1,  1, 1, 1,  1, 1,  1,  1, 1,
							0, 1, 1,  1,  1, 1, 1,  1, 3,  0,  1, 0,   0, 1, 1,  1,  1, 1,   4,  1, 1,  0, 69, 0,   1, 1, 1,  1,  1, 1, 1,  1, 1,  1 , 1, 1,   1, 1, 1,  1,  1, 1, 1,  1, 1,  1,  1, 1,
							0, 0, 0,  0,  0, 0, 0, 0, 0,  0,   0, 0,   0, 0, 0,  0,  0, 0,   0,  0, 0,  0,  0, 0,   1, 1, 1,  1,  1, 1, 1,  1, 1,  1 , 1, 1,   1, 1, 1,  1,  1, 1, 1,  1, 1,  1,  1, 1,
							
							1, 1, 1,  1,  1, 1, 1,  1, 1,  1,  1, 1,   1, 1, 1,  1,  1, 1,   1,  1, 1,  1, 1, 1,    1, 1, 1,  1,  1, 1, 1,  1, 1,  1 , 1, 1,   1, 1, 1,  1,  1, 1, 1,  1, 1,  1,  1, 1,
							1, 1, 1,  1,  1, 1, 1,  1, 1,  1,  1, 1,   1, 1, 1,  1,  1, 1,   1,  1, 1,  1, 1, 1,    1, 1, 1,  1,  1, 1, 1,  1, 1,  1 , 1, 1,   1, 1, 1,  1,  1, 1, 1,  1, 1,  1,  1, 1,
							1, 1, 1,  1,  1, 1, 1,  1, 1,  1,  1, 1,   1, 1, 1,  1,  1, 1,   1,  1, 1,  1, 1, 1,    1, 1, 1,  1,  1, 1, 1,  1, 1,  1 , 1, 1,   1, 1, 1,  1,  1, 1, 1,  1, 1,  1,  1, 1,
							1, 1, 1,  1,  1, 1, 1,  1, 1,  1,  1, 1,   1, 1, 1,  1,  1, 1,   1,  1, 1,  1, 1, 1,    1, 1, 1,  1,  1, 1, 1,  1, 1,  1 , 1, 1,   1, 1, 1,  1,  1, 1, 1,  1, 1,  1,  1, 1,
							1, 1, 1,  1,  1, 1, 1,  1, 1,  1,  1, 1,   1, 1, 1,  1,  1, 1,   1,  1, 1,  1, 1, 1,    1, 1, 1,  1,  1, 1, 1,  1, 1,  1 , 1, 1,   1, 1, 1,  1,  1, 1, 1,  1, 1,  1,  1, 1,
							1, 1, 1,  1,  1, 1, 1,  1, 1,  1,  1, 1,   1, 1, 1,  1,  1, 1,   1,  1, 1,  1, 1, 1,    1, 1, 1,  1,  1, 1, 1,  1, 1,  1 , 1, 1,   1, 1, 1,  1,  1, 1, 1,  1, 1,  1,  1, 1,
							1, 1, 1,  1,  1, 1, 1,  1, 1,  1,  1, 1,   1, 1, 1,  1,  1, 1,   1,  1, 1,  1, 1, 1,    1, 1, 1,  1,  1, 1, 1,  1, 1,  1 , 1, 1,   1, 1, 1,  1,  1, 1, 1,  1, 1,  1,  1, 1,
							1, 1, 1,  1,  1, 1, 1,  1, 1,  1,  1, 1,   1, 1, 1,  1,  1, 1,   1,  1, 1,  1, 1, 1,    1, 1, 1,  1,  1, 1, 1,  1, 1,  1 , 1, 1,   1, 1, 1,  1,  1, 1, 1,  1, 1,  1,  1, 1,
};


int level8AI[16][48] = {   0, 0, 0,  0,  0, 0, 0,  0, 0,  0,  0, 0,   0, 0, 0,  0,  0, 0,   0,  0, 0,  0, 0, 0,    1, 1, 1,  1,  1, 1, 1,  1, 1,  1 , 1, 1,   1, 1, 1,  1,  1, 1, 1,  1, 1,  1,  1, 1,
							0, 1, 0, 12,  1,13, 1,  3, 1, 14, 20, 1,   1,1, 1,   1,  1, 1,   1,  1, 1,  1, 1, 0,    1, 1, 1,  1,  1, 1, 1,  1, 1,  1 , 1, 1,   1, 1, 1,  1,  1, 1, 1,  1, 1,  1,  1, 1,
							0, 1, 1,  1,  1, 1,20,  1, 1,  1,  1, 1,  19, 1, 1,  1,  1, 1,   1,  1,19,  0, 1, 0,    1, 1, 1,  1,  1, 1, 1,  1, 1,  1 , 1, 1,   1, 1, 1,  1,  1, 1, 1,  1, 1,  1,  1, 1,
							0, 1, 0,  6, 23, 1, 1,  1, 1,  1,  1, 1,  13, 1, 1,  1,  1, 3,   1,  1,14,  0, 1, 0,    1, 1, 1,  1,  1, 1, 1,  1, 1,  1 , 1, 1,   1, 1, 1,  1,  1, 1, 1,  1, 1,  1,  1, 1,
							0, 1, 1,  1,  1, 1, 1,  1, 1,  1,  1, 1,   1, 1, 1,  1,  1, 1,   1,  1, 1,  0, 1, 0,    1, 1, 1,  1,  1, 1, 1,  1, 1,  1 , 1, 1,   1, 1, 1,  1,  1, 1, 1,  1, 1,  1,  1, 1,
							0, 1, 1,  1,  1, 1, 1,  1, 1,  1,  1, 1,   1, 1, 1,  1,  1, 1,   1,  1, 1,  0, 1, 0,    1, 1, 1,  1,  1, 1, 1,  1, 1,  1 , 1, 1,   1, 1, 1,  1,  1, 1, 1,  1, 1,  1,  1, 1,
							0, 1, 1, 11,  1, 1, 1,  1, 1,  1,  1,1,    1, 1, 1,  1,  1, 1,   1,  1, 1,  0,69, 0,    1, 1, 1,  1,  1, 1, 1,  1, 1,  1 , 1, 1,   1, 1, 1,  1,  1, 1, 1,  1, 1,  1,  1, 1,
							0, 0, 0,  0,  0, 0, 0,  0, 0,  0,  0, 0,   0, 0, 0,  0,  0, 0,   0,  0, 0,  0, 0, 0,    1, 1, 1,  1,  1, 1, 1,  1, 1,  1 , 1, 1,   1, 1, 1,  1,  1, 1, 1,  1, 1,  1,  1, 1,
							
							1, 1, 1,  1,  1, 1, 1,  1, 1,  1,  1, 1,   1, 1, 1,  1,  1, 1,   1,  1, 1,  1, 1, 1,    1, 1, 1,  1,  1, 1, 1,  1, 1,  1 , 1, 1,   1, 1, 1,  1,  1, 1, 1,  1, 1,  1,  1, 1,
							1, 1, 1,  1,  1, 1, 1,  1, 1,  1,  1, 1,   1, 1, 1,  1,  1, 1,   1,  1, 1,  1, 1, 1,    1, 1, 1,  1,  1, 1, 1,  1, 1,  1 , 1, 1,   1, 1, 1,  1,  1, 1, 1,  1, 1,  1,  1, 1,
							1, 1, 1,  1,  1, 1, 1,  1, 1,  1,  1, 1,   1, 1, 1,  1,  1, 1,   1,  1, 1,  1, 1, 1,    1, 1, 1,  1,  1, 1, 1,  1, 1,  1 , 1, 1,   1, 1, 1,  1,  1, 1, 1,  1, 1,  1,  1, 1,
							1, 1, 1,  1,  1, 1, 1,  1, 1,  1,  1, 1,   1, 1, 1,  1,  1, 1,   1,  1, 1,  1, 1, 1,    1, 1, 1,  1,  1, 1, 1,  1, 1,  1 , 1, 1,   1, 1, 1,  1,  1, 1, 1,  1, 1,  1,  1, 1,
							1, 1, 1,  1,  1, 1, 1,  1, 1,  1,  1, 1,   1, 1, 1,  1,  1, 1,   1,  1, 1,  1, 1, 1,    1, 1, 1,  1,  1, 1, 1,  1, 1,  1 , 1, 1,   1, 1, 1,  1,  1, 1, 1,  1, 1,  1,  1, 1,
							1, 1, 1,  1,  1, 1, 1,  1, 1,  1,  1, 1,   1, 1, 1,  1,  1, 1,   1,  1, 1,  1, 1, 1,    1, 1, 1,  1,  1, 1, 1,  1, 1,  1 , 1, 1,   1, 1, 1,  1,  1, 1, 1,  1, 1,  1,  1, 1,
							1, 1, 1,  1,  1, 1, 1,  1, 1,  1,  1, 1,   1, 1, 1,  1,  1, 1,   1,  1, 1,  1, 1, 1,    1, 1, 1,  1,  1, 1, 1,  1, 1,  1 , 1, 1,   1, 1, 1,  1,  1, 1, 1,  1, 1,  1,  1, 1,
							1, 1, 1,  1,  1, 1, 1,  1, 1,  1,  1, 1,   1, 1, 1,  1,  1, 1,   1,  1, 1,  1, 1, 1,    1, 1, 1,  1,  1, 1, 1,  1, 1,  1 , 1, 1,   1, 1, 1,  1,  1, 1, 1,  1, 1,  1,  1, 1,
};



int level8[16][48] = {     0, 0, 0,  0,  0, 0, 0, 0, 0,  0,   0, 0,   0, 0, 0,  0,  0, 0,   0,  0, 0,  0,  0, 0,   1, 1, 1,  1,  1, 1, 1,  1, 1,  1 , 1, 1,   1, 1, 1,  1,  1, 1, 1,  1, 1,  1,  1, 1,
							0, 1, 0,  1,  1, 1, 1, 3, 1,  1,  20, 1,   1, 1, 1,  1,  1, 1,   1,  1, 1,  1,  1, 0,   1, 1, 1,  1,  1, 1, 1,  1, 1,  1 , 1, 1,   1, 1, 1,  1,  1, 1, 1,  1, 1,  1,  1, 1,
							0, 1, 1,  1,  1, 1,20, 1, 1,  1,   1, 1,  19, 1, 1,  1,  1, 1,   1,  1,19,  0,  1, 0,   1, 1, 1,  1,  1, 1, 1,  1, 1,  1 , 1, 1,   1, 1, 1,  1,  1, 1, 1,  1, 1,  1,  1, 1,
							0, 1, 0,  6, 23, 1, 1, 1, 1,  1,   1, 1,   1, 1, 1,  1,  1, 3,   1,  1, 1,  0,  1, 0,   1, 1, 1,  1,  1, 1, 1,  1, 1,  1 , 1, 1,   1, 1, 1,  1,  1, 1, 1,  1, 1,  1,  1, 1,
							0, 1, 1,  1,  1, 1, 1, 1, 1,  1,   1, 1,   1, 1, 1,  1,  1, 1,   1,  1, 1,  0,  1, 0,   1, 1, 1,  1,  1, 1, 1,  1, 1,  1 , 1, 1,   1, 1, 1,  1,  1, 1, 1,  1, 1,  1,  1, 1,
							0, 1, 1,  1,  1, 1, 1, 1, 1,  1,   1, 1,   1, 1, 1,  1,  1, 1,   1,  1, 1,  0,  1, 0,   1, 1, 1,  1,  1, 1, 1,  1, 1,  1 , 1, 1,   1, 1, 1,  1,  1, 1, 1,  1, 1,  1,  1, 1,
							0, 1, 1,  1,  1, 1, 1, 1, 1,  1,   1, 1,   1, 1, 1,  1,  1, 1,   1,  1, 1,  0, 69, 0,   1, 1, 1,  1,  1, 1, 1,  1, 1,  1 , 1, 1,   1, 1, 1,  1,  1, 1, 1,  1, 1,  1,  1, 1,
							0, 0, 0,  0,  0, 0, 0, 0, 0,  0,   0, 0,   0, 0, 0,  0,  0, 0,   0,  0, 0,  0,  0, 0,   1, 1, 1,  1,  1, 1, 1,  1, 1,  1 , 1, 1,   1, 1, 1,  1,  1, 1, 1,  1, 1,  1,  1, 1,
							
							1, 1, 1,  1,  1, 1, 1,  1, 1,  1,  1, 1,   1, 1, 1,  1,  1, 1,   1,  1, 1,  1, 1, 1,    1, 1, 1,  1,  1, 1, 1,  1, 1,  1 , 1, 1,   1, 1, 1,  1,  1, 1, 1,  1, 1,  1,  1, 1,
							1, 1, 1,  1,  1, 1, 1,  1, 1,  1,  1, 1,   1, 1, 1,  1,  1, 1,   1,  1, 1,  1, 1, 1,    1, 1, 1,  1,  1, 1, 1,  1, 1,  1 , 1, 1,   1, 1, 1,  1,  1, 1, 1,  1, 1,  1,  1, 1,
							1, 1, 1,  1,  1, 1, 1,  1, 1,  1,  1, 1,   1, 1, 1,  1,  1, 1,   1,  1, 1,  1, 1, 1,    1, 1, 1,  1,  1, 1, 1,  1, 1,  1 , 1, 1,   1, 1, 1,  1,  1, 1, 1,  1, 1,  1,  1, 1,
							1, 1, 1,  1,  1, 1, 1,  1, 1,  1,  1, 1,   1, 1, 1,  1,  1, 1,   1,  1, 1,  1, 1, 1,    1, 1, 1,  1,  1, 1, 1,  1, 1,  1 , 1, 1,   1, 1, 1,  1,  1, 1, 1,  1, 1,  1,  1, 1,
							1, 1, 1,  1,  1, 1, 1,  1, 1,  1,  1, 1,   1, 1, 1,  1,  1, 1,   1,  1, 1,  1, 1, 1,    1, 1, 1,  1,  1, 1, 1,  1, 1,  1 , 1, 1,   1, 1, 1,  1,  1, 1, 1,  1, 1,  1,  1, 1,
							1, 1, 1,  1,  1, 1, 1,  1, 1,  1,  1, 1,   1, 1, 1,  1,  1, 1,   1,  1, 1,  1, 1, 1,    1, 1, 1,  1,  1, 1, 1,  1, 1,  1 , 1, 1,   1, 1, 1,  1,  1, 1, 1,  1, 1,  1,  1, 1,
							1, 1, 1,  1,  1, 1, 1,  1, 1,  1,  1, 1,   1, 1, 1,  1,  1, 1,   1,  1, 1,  1, 1, 1,    1, 1, 1,  1,  1, 1, 1,  1, 1,  1 , 1, 1,   1, 1, 1,  1,  1, 1, 1,  1, 1,  1,  1, 1,
							1, 1, 1,  1,  1, 1, 1,  1, 1,  1,  1, 1,   1, 1, 1,  1,  1, 1,   1,  1, 1,  1, 1, 1,    1, 1, 1,  1,  1, 1, 1,  1, 1,  1 , 1, 1,   1, 1, 1,  1,  1, 1, 1,  1, 1,  1,  1, 1,
};


  int level9AI[16][48] = {0, 0, 0,  0,  0, 0, 0,  0, 0,  0,  0, 0,   0, 0, 0,  0,  0, 0,   0,  0, 0,  0, 0, 0,    0, 1, 1,  1,  1, 1, 1,  1, 1,  1 , 1, 1,   1, 1, 1,  1,  1, 1, 1,  1, 1,  1,  1, 1,
							0, 1, 0, 13,  1, 1, 1,  3, 1,  1,  1,12,   1,12, 1,  1,  1, 3,   1,  1, 1, 14, 0,69,    0, 1, 1,  1,  1, 1, 1,  1, 1,  1 , 1, 1,   1, 1, 1,  1,  1, 1, 1,  1, 1,  1,  1, 1,
							0, 1, 0,  1,  1, 1, 1,  1, 1,  1,  1, 1,   1, 1, 1,  1,  1, 1,   1,  1, 1,  1, 1, 1,    0, 1, 1,  1,  1, 1, 1,  1, 1,  1 , 1, 1,   1, 1, 1,  1,  1, 1, 1,  1, 1,  1,  1, 1,
							0, 1, 0,  1,  1, 1, 1,  1, 1,  1,  1, 1,   1, 1, 1,  1,  1, 1,   1,  1, 1,  1, 1, 1,    0, 1, 1,  1,  1, 1, 1,  1, 1,  1 , 1, 1,   1, 1, 1,  1,  1, 1, 1,  1, 1,  1,  1, 1,
							0, 1, 0,  1,  1, 1, 1,  1, 1,  1,  1, 1,   1, 1, 1,  1,  1, 1,   1,  1, 1,  1, 1, 1,    0, 1, 1,  1,  1, 1, 1,  1, 1,  1 , 1, 1,   1, 1, 1,  1,  1, 1, 1,  1, 1,  1,  1, 1,
							0, 1, 0, 11,  1, 1, 1,  4, 1,  1,  1,14,   1,13, 1,  1,  1, 4,   1,  1, 1, 11, 1, 1,    0, 1, 1,  1,  1, 1, 1,  1, 1,  1 , 1, 1,   1, 1, 1,  1,  1, 1, 1,  1, 1,  1,  1, 1,
							0, 1, 0,  1,  1, 1, 1,  1, 1,  1,  1, 1,   1, 1, 1,  1,  1, 1,   1,  1, 1,  1, 1, 1,    0, 1, 1,  1,  1, 1, 1,  1, 1,  1 , 1, 1,   1, 1, 1,  1,  1, 1, 1,  1, 1,  1,  1, 1,
							0, 1, 0, 12,  1, 1, 1,  3, 1,  1,  1,14,   1,12, 1,  3,  1, 1,   1,  1, 1, 14, 1, 1,    0, 1, 1,  1,  1, 1, 1,  1, 1,  1 , 1, 1,   1, 1, 1,  1,  1, 1, 1,  1, 1,  1,  1, 1,
							0, 1, 1,  1,  1, 1, 1,  1, 1,  1,  1, 1,   1, 1, 1,  1,  1, 1,   1,  1, 1,  1, 1, 1,    0, 1, 1,  1,  1, 1, 1,  1, 1,  1 , 1, 1,   1, 1, 1,  1,  1, 1, 1,  1, 1,  1,  1, 1,
							0, 1, 1,  1,  1, 1, 1,  1, 1,  1,  1, 1,   1, 1, 1,  1,  1, 1,   1,  1, 1,  1, 1, 1,    0, 1, 1,  1,  1, 1, 1,  1, 1,  1 , 1, 1,   1, 1, 1,  1,  1, 1, 1,  1, 1,  1,  1, 1,
							
							0, 1, 1, 13,  1, 1, 1,  4, 1,  1,  1,11,   1,13, 4,  1,  1, 1,   1,  1, 1, 11, 1,15,    0, 1, 1,  1,  1, 1, 1,  1, 1,  1 , 1, 1,   1, 1, 1,  1,  1, 1, 1,  1, 1,  1,  1, 1,
							0, 0, 0,  0,  0, 0, 0,  0, 0,  0,  0, 0,   0, 0, 0,  0,  0, 0,   0,  0, 0,  0, 0, 0,    0, 1, 1,  1,  1, 1, 1,  1, 1,  1 , 1, 1,   1, 1, 1,  1,  1, 1, 1,  1, 1,  1,  1, 1,
							1, 1, 1,  1,  1, 1, 1,  1, 1,  1,  1, 1,   1, 1, 1,  1,  1, 1,   1,  1, 1,  1, 1, 1,    1, 1, 1,  1,  1, 1, 1,  1, 1,  1 , 1, 1,   1, 1, 1,  1,  1, 1, 1,  1, 1,  1,  1, 1,
							1, 1, 1,  1,  1, 1, 1,  1, 1,  1,  1, 1,   1, 1, 1,  1,  1, 1,   1,  1, 1,  1, 1, 1,    1, 1, 1,  1,  1, 1, 1,  1, 1,  1 , 1, 1,   1, 1, 1,  1,  1, 1, 1,  1, 1,  1,  1, 1,
							1, 1, 1,  1,  1, 1, 1,  1, 1,  1,  1, 1,   1, 1, 1,  1,  1, 1,   1,  1, 1,  1, 1, 1,    1, 1, 1,  1,  1, 1, 1,  1, 1,  1 , 1, 1,   1, 1, 1,  1,  1, 1, 1,  1, 1,  1,  1, 1,
};


int level9[16][48] = {     0, 0, 0,  0,  0, 0, 0,  0, 0,  0,  0, 0,   0, 0, 0,  0,  0, 0,   0,  0, 0,  0, 0, 0,    0, 1, 1,  1,  1, 1, 1,  1, 1,  1 , 1, 1,   1, 1, 1,  1,  1, 1, 1,  1, 1,  1,  1, 1,
							0, 1, 0,  1,  1, 1, 1,  3, 1,  1,  1, 1,   1, 1, 1,  1,  1, 3,   1,  1, 1,  1, 0,69,    0, 1, 1,  1,  1, 1, 1,  1, 1,  1 , 1, 1,   1, 1, 1,  1,  1, 1, 1,  1, 1,  1,  1, 1,
							0, 1, 0,  1,  1, 1, 1,  1, 1,  1,  1, 1,   1, 1, 1,  1,  1, 1,   1,  1, 1,  1, 1, 1,    0, 1, 1,  1,  1, 1, 1,  1, 1,  1 , 1, 1,   1, 1, 1,  1,  1, 1, 1,  1, 1,  1,  1, 1,
							0, 1, 0,  1,  1, 1, 1,  1, 1,  1,  1, 1,   1, 1, 1,  1,  1, 1,   1,  1, 1,  1, 1, 1,    0, 1, 1,  1,  1, 1, 1,  1, 1,  1 , 1, 1,   1, 1, 1,  1,  1, 1, 1,  1, 1,  1,  1, 1,
							0, 1, 0,  1,  1, 1, 1,  1, 1,  1,  1, 1,   1, 1, 1,  1,  1, 1,   1,  1, 1,  1, 1, 1,    0, 1, 1,  1,  1, 1, 1,  1, 1,  1 , 1, 1,   1, 1, 1,  1,  1, 1, 1,  1, 1,  1,  1, 1,
							0, 1, 0,  1,  1, 1, 1,  4, 1,  1,  1, 1,   1, 1, 1,  1,  1, 4,   1,  1, 1,  1, 1, 1,    0, 1, 1,  1,  1, 1, 1,  1, 1,  1 , 1, 1,   1, 1, 1,  1,  1, 1, 1,  1, 1,  1,  1, 1,
							0, 1, 0,  1,  1, 1, 1,  1, 1,  1,  1, 1,   1, 1, 1,  1,  1, 1,   1,  1, 1,  1, 1, 1,    0, 1, 1,  1,  1, 1, 1,  1, 1,  1 , 1, 1,   1, 1, 1,  1,  1, 1, 1,  1, 1,  1,  1, 1,
							0, 1, 0,  1,  1, 1, 1,  3, 1,  1,  1, 1,   1, 1, 1,  3,  1, 1,   1,  1, 1,  1, 1, 1,    0, 1, 1,  1,  1, 1, 1,  1, 1,  1 , 1, 1,   1, 1, 1,  1,  1, 1, 1,  1, 1,  1,  1, 1,
							0, 1, 1,  1,  1, 1, 1,  1, 1,  1,  1, 1,   1, 1, 1,  1,  1, 1,   1,  1, 1,  1, 1, 1,    0, 1, 1,  1,  1, 1, 1,  1, 1,  1 , 1, 1,   1, 1, 1,  1,  1, 1, 1,  1, 1,  1,  1, 1,
							0, 1, 1,  1,  1, 1, 1,  1, 1,  1,  1, 1,   1, 1, 1,  1,  1, 1,   1,  1, 1,  1, 1, 1,    0, 1, 1,  1,  1, 1, 1,  1, 1,  1 , 1, 1,   1, 1, 1,  1,  1, 1, 1,  1, 1,  1,  1, 1,
							
							0, 1, 1,  1,  1, 1, 1,  4, 1,  1,  1, 1,   1, 1, 4,  1,  1, 1,   1,  1, 1,  1, 1,15,    0, 1, 1,  1,  1, 1, 1,  1, 1,  1 , 1, 1,   1, 1, 1,  1,  1, 1, 1,  1, 1,  1,  1, 1,
							0, 0, 0,  0,  0, 0, 0,  0, 0,  0,  0, 0,   0, 0, 0,  0,  0, 0,   0,  0, 0,  0, 0, 0,    0, 1, 1,  1,  1, 1, 1,  1, 1,  1 , 1, 1,   1, 1, 1,  1,  1, 1, 1,  1, 1,  1,  1, 1,
							1, 1, 1,  1,  1, 1, 1,  1, 1,  1,  1, 1,   1, 1, 1,  1,  1, 1,   1,  1, 1,  1, 1, 1,    1, 1, 1,  1,  1, 1, 1,  1, 1,  1 , 1, 1,   1, 1, 1,  1,  1, 1, 1,  1, 1,  1,  1, 1,
							1, 1, 1,  1,  1, 1, 1,  1, 1,  1,  1, 1,   1, 1, 1,  1,  1, 1,   1,  1, 1,  1, 1, 1,    1, 1, 1,  1,  1, 1, 1,  1, 1,  1 , 1, 1,   1, 1, 1,  1,  1, 1, 1,  1, 1,  1,  1, 1,
							1, 1, 1,  1,  1, 1, 1,  1, 1,  1,  1, 1,   1, 1, 1,  1,  1, 1,   1,  1, 1,  1, 1, 1,    1, 1, 1,  1,  1, 1, 1,  1, 1,  1 , 1, 1,   1, 1, 1,  1,  1, 1, 1,  1, 1,  1,  1, 1,
							1, 1, 1,  1,  1, 1, 1,  1, 1,  1,  1, 1,   1, 1, 1,  1,  1, 1,   1,  1, 1,  1, 1, 1,    1, 1, 1,  1,  1, 1, 1,  1, 1,  1 , 1, 1,   1, 1, 1,  1,  1, 1, 1,  1, 1,  1,  1, 1,
};



   int level10AI[16][48] = {0, 0, 0,  0,  0, 0, 0,  0, 0,  0,  0, 0,   0, 0, 0,  0,  0, 0,   0,  0, 0,  0, 0, 0,    0, 1, 1,  1,  1, 1, 1,  1, 1,  1 , 1, 1,   1, 1, 1,  1,  1, 1, 1,  1, 1,  1,  1, 1,
							0, 1, 0, 13,  1, 1, 1,  3, 1,  1,  1,12,   1,12, 1,  1,  1, 3,   1,  1, 1, 14, 0,69,    0, 1, 1,  1,  1, 1, 1,  1, 1,  1 , 1, 1,   1, 1, 1,  1,  1, 1, 1,  1, 1,  1,  1, 1,
							0, 1, 0,  1,  1, 1, 1,  1, 1,  1,  1, 1,   1, 1, 1,  1,  1, 1,   1,  1, 1,  1, 1, 1,    0, 1, 1,  1,  1, 1, 1,  1, 1,  1 , 1, 1,   1, 1, 1,  1,  1, 1, 1,  1, 1,  1,  1, 1,
							0, 1, 0,  1,  1, 1, 1,  1, 1,  1,  1, 1,  15, 1, 1,  1,  1, 1,   1,  1, 1,  1, 1, 1,    0, 1, 1,  1,  1, 1, 1,  1, 1,  1 , 1, 1,   1, 1, 1,  1,  1, 1, 1,  1, 1,  1,  1, 1,
							0, 1, 0,  1,  1, 1, 1,  1, 1,  1,  1,18,   1,17, 1,  1,  1, 1,   1,  1, 1,  1, 1, 1,    0, 1, 1,  1,  1, 1, 1,  1, 1,  1 , 1, 1,   1, 1, 1,  1,  1, 1, 1,  1, 1,  1,  1, 1,
							0, 1, 0, 11,  1, 1, 1,  4, 1,  1,  1,14,  15,13, 1,  1,  1, 4,   1,  1, 1, 11, 1, 1,    0, 1, 1,  1,  1, 1, 1,  1, 1,  1 , 1, 1,   1, 1, 1,  1,  1, 1, 1,  1, 1,  1,  1, 1,
							0, 1, 0,  1,  1, 1, 1,  1, 1,  1,  1,18,   1,17, 1,  1,  1, 1,   1,  1, 1,  1, 1, 1,    0, 1, 1,  1,  1, 1, 1,  1, 1,  1 , 1, 1,   1, 1, 1,  1,  1, 1, 1,  1, 1,  1,  1, 1,
							0, 1, 0, 12,  1, 1, 1,  3, 1,  1,  1,14,  16,12, 1,  3,  1, 1,   1,  1, 1, 14, 1, 1,    0, 1, 1,  1,  1, 1, 1,  1, 1,  1 , 1, 1,   1, 1, 1,  1,  1, 1, 1,  1, 1,  1,  1, 1,
							0, 1, 1,  1,  1, 1, 1,  1, 1,  1,  1, 1,   1, 1, 1,  1,  1, 1,   1,  1, 1,  1, 1, 1,    0, 1, 1,  1,  1, 1, 1,  1, 1,  1 , 1, 1,   1, 1, 1,  1,  1, 1, 1,  1, 1,  1,  1, 1,
							0, 1, 1, 13,  1, 1, 1,  4, 1,  1,  1,11,   1, 1, 1,  1,  1, 1,   1,  1, 1,  1, 1, 1,    0, 1, 1,  1,  1, 1, 1,  1, 1,  1 , 1, 1,   1, 1, 1,  1,  1, 1, 1,  1, 1,  1,  1, 1,
							
							0, 1, 1,  1,  1, 1, 1,  1, 1,  1,  1, 1,   1,13, 4,  1,  1, 1,   1,  1, 1, 11, 1,15,    0, 1, 1,  1,  1, 1, 1,  1, 1,  1 , 1, 1,   1, 1, 1,  1,  1, 1, 1,  1, 1,  1,  1, 1,
							0, 0, 0,  0,  0, 0, 0,  0, 0,  0,  0, 0,   0, 0, 0,  0,  0, 0,   0,  0, 0,  0, 0, 0,    1, 1, 1,  1,  1, 1, 1,  1, 1,  1 , 1, 1,   1, 1, 1,  1,  1, 1, 1,  1, 1,  1,  1, 1,
							1, 1, 1,  1,  1, 1, 1,  1, 1,  1,  1, 1,   1, 1, 1,  1,  1, 1,   1,  1, 1,  1, 1, 1,    1, 1, 1,  1,  1, 1, 1,  1, 1,  1 , 1, 1,   1, 1, 1,  1,  1, 1, 1,  1, 1,  1,  1, 1,
							1, 1, 1,  1,  1, 1, 1,  1, 1,  1,  1, 1,   1, 1, 1,  1,  1, 1,   1,  1, 1,  1, 1, 1,    1, 1, 1,  1,  1, 1, 1,  1, 1,  1 , 1, 1,   1, 1, 1,  1,  1, 1, 1,  1, 1,  1,  1, 1,
							1, 1, 1,  1,  1, 1, 1,  1, 1,  1,  1, 1,   1, 1, 1,  1,  1, 1,   1,  1, 1,  1, 1, 1,    1, 1, 1,  1,  1, 1, 1,  1, 1,  1 , 1, 1,   1, 1, 1,  1,  1, 1, 1,  1, 1,  1,  1, 1,
};


int level10[16][48] = {     0, 0, 0,  0,  0, 0, 0,  0, 0,  0,  0, 0,   0, 0, 0,  0,  0, 0,   0,  0, 0,  0, 0, 0,    0, 1, 1,  1,  1, 1, 1,  1, 1,  1 , 1, 1,   1, 1, 1,  1,  1, 1, 1,  1, 1,  1,  1, 1,
							0, 1, 0,  1,  1, 1, 1,  3, 1,  1,  1, 1,   1, 1, 1,  1,  1, 3,   1,  1, 1,  1, 0,69,    0, 1, 1,  1,  1, 1, 1,  1, 1,  1 , 1, 1,   1, 1, 1,  1,  1, 1, 1,  1, 1,  1,  1, 1,
							0, 1, 0,  1,  1, 1, 1,  1, 1,  1,  1, 1,   1, 1, 1,  1,  1, 1,   1,  1, 1,  1, 1, 1,    0, 1, 1,  1,  1, 1, 1,  1, 1,  1 , 1, 1,   1, 1, 1,  1,  1, 1, 1,  1, 1,  1,  1, 1,
							0, 1, 0,  1,  1, 1, 1,  1, 1,  1,  1, 1,   1, 1, 1,  1,  1, 1,  16, 16, 1,  1, 1, 1,    0, 1, 1,  1,  1, 1, 1,  1, 1,  1 , 1, 1,   1, 1, 1,  1,  1, 1, 1,  1, 1,  1,  1, 1,
							0, 1, 0,  1,  1, 1, 1,  1, 1,  1,  1, 1,   1, 1, 1,  1,  1, 1,   1,  1, 1,  1, 1, 1,    0, 1, 1,  1,  1, 1, 1,  1, 1,  1 , 1, 1,   1, 1, 1,  1,  1, 1, 1,  1, 1,  1,  1, 1,
							0, 1, 0,  1,  1, 1, 1,  4, 1,  1,  1, 1,  15, 1, 1,  1,  1, 4,   1,  1, 1,  1, 1, 1,    0, 1, 1,  1,  1, 1, 1,  1, 1,  1 , 1, 1,   1, 1, 1,  1,  1, 1, 1,  1, 1,  1,  1, 1,
							0, 1, 0,  1,  1, 1, 1,  1, 1,  1,  1,18,   1,17, 1,  1,  1, 1,   1,  1, 1,  1, 1, 1,    0, 1, 1,  1,  1, 1, 1,  1, 1,  1 , 1, 1,   1, 1, 1,  1,  1, 1, 1,  1, 1,  1,  1, 1,
							0, 1, 0,  1,  1, 1, 1,  3, 1,  1,  1, 1,  16, 1, 1,  3,  1, 1,   1,  1, 1,  1, 1, 1,    0, 1, 1,  1,  1, 1, 1,  1, 1,  1 , 1, 1,   1, 1, 1,  1,  1, 1, 1,  1, 1,  1,  1, 1,
							0, 1, 1,  1,  1, 1, 1,  1, 1,  1,  1, 1,   1, 1, 1,  1,  1, 1,   1,  1, 1,  1, 1, 1,    0, 1, 1,  1,  1, 1, 1,  1, 1,  1 , 1, 1,   1, 1, 1,  1,  1, 1, 1,  1, 1,  1,  1, 1,
							0, 1, 1,  1,  1, 1, 1,  4, 1,  1,  1, 1,   1, 1, 1,  1,  1, 1,   1,  1, 1,  1, 1, 1,    0, 1, 1,  1,  1, 1, 1,  1, 1,  1 , 1, 1,   1, 1, 1,  1,  1, 1, 1,  1, 1,  1,  1, 1,
							
							0, 1, 1,  1,  1, 1, 1,  1, 1,  1,  1, 1,   1, 1, 4,  1,  1, 1,   1,  1, 1,  1, 1,15,    0, 1, 1,  1,  1, 1, 1,  1, 1,  1 , 1, 1,   1, 1, 1,  1,  1, 1, 1,  1, 1,  1,  1, 1,
							0, 0, 0,  0,  0, 0, 0,  0, 0,  0,  0, 0,   0, 0, 0,  0,  0, 0,   0,  0, 0,  0, 0, 0,    0, 1, 1,  1,  1, 1, 1,  1, 1,  1 , 1, 1,   1, 1, 1,  1,  1, 1, 1,  1, 1,  1,  1, 1,
							1, 1, 1,  1,  1, 1, 1,  1, 1,  1,  1, 1,   1, 1, 1,  1,  1, 1,   1,  1, 1,  1, 1, 1,    1, 1, 1,  1,  1, 1, 1,  1, 1,  1 , 1, 1,   1, 1, 1,  1,  1, 1, 1,  1, 1,  1,  1, 1,
							1, 1, 1,  1,  1, 1, 1,  1, 1,  1,  1, 1,   1, 1, 1,  1,  1, 1,   1,  1, 1,  1, 1, 1,    1, 1, 1,  1,  1, 1, 1,  1, 1,  1 , 1, 1,   1, 1, 1,  1,  1, 1, 1,  1, 1,  1,  1, 1,
							1, 1, 1,  1,  1, 1, 1,  1, 1,  1,  1, 1,   1, 1, 1,  1,  1, 1,   1,  1, 1,  1, 1, 1,    1, 1, 1,  1,  1, 1, 1,  1, 1,  1 , 1, 1,   1, 1, 1,  1,  1, 1, 1,  1, 1,  1,  1, 1,
							1, 1, 1,  1,  1, 1, 1,  1, 1,  1,  1, 1,   1, 1, 1,  1,  1, 1,   1,  1, 1,  1, 1, 1,    1, 1, 1,  1,  1, 1, 1,  1, 1,  1 , 1, 1,   1, 1, 1,  1,  1, 1, 1,  1, 1,  1,  1, 1,
};

int level11AI[16][48] = {   0, 0, 0,  0,  0, 0, 0,  0, 0,  0,  0, 0,   0, 0, 0,  0,  0, 0,   0,  0, 0,  0, 0, 0,    0, 0, 0,  1,  1, 1, 1,  1, 1,  1 , 1, 1,   1, 1, 1,  1,  1, 1, 1,  1, 1,  1,  1, 1,
							0, 1, 1,  1,  1, 1, 1,  1, 1,  1, 12,12,  12,12, 1,  1,  1, 1,  12,  1, 1, 13,12, 1,    1, 1, 0,  1,  1, 1, 1,  1, 1,  1 , 1, 1,   1, 1, 1,  1,  1, 1, 1,  1, 1,  1,  1, 1,
							0, 1, 1,  1,  1, 1, 1,  1, 1,  1,  1, 1,   1, 1, 1,  1,  1, 1,   1,  1, 1,  1, 1, 1,    1, 1, 0,  1,  1, 1, 1,  1, 1,  1 , 1, 1,   1, 1, 1,  1,  1, 1, 1,  1, 1,  1,  1, 1,
							0, 1, 1, 12,  1, 1, 1,  1, 1,  1,  1, 1,   1, 1, 1,  1,  1, 1,   1,  1, 1,  1, 1, 1,    1, 1, 0,  1,  1, 1, 1,  1, 1,  1 , 1, 1,   1, 1, 1,  1,  1, 1, 1,  1, 1,  1,  1, 1,
							0, 1, 1,  1,  1,12,14,  1, 1,  1, 11,11,  11,11, 1,  1,  1, 1,   1,  1, 1,  1, 1, 1,    1, 1, 0,  1,  1, 1, 1,  1, 1,  1 , 1, 1,   1, 1, 1,  1,  1, 1, 1,  1, 1,  1,  1, 1,
							0, 1, 1,  1,  1, 1, 1,  1, 1,  1,  1, 1,   1, 1, 1,  1,  1, 1,   1,  1, 1,  1, 1, 1,    1, 1, 0,  1,  1, 1, 1,  1, 1,  1 , 1, 1,   1, 1, 1,  1,  1, 1, 1,  1, 1,  1,  1, 1,
							0, 1, 1,  1,  1, 1, 1,  1, 1,  1,  1, 1,   1, 1, 1,  1,  1, 1,   1,  1, 1,  1, 1, 1,    1, 1, 0,  1,  1, 1, 1,  1, 1,  1 , 1, 1,   1, 1, 1,  1,  1, 1, 1,  1, 1,  1,  1, 1,
							0,12, 1,  1,  1, 1, 1,  1, 1,  1,  1, 1,   1, 1, 1,  1,  1, 1,   1,  1, 1,  1, 1, 1,    1, 1, 0,  1,  1, 1, 1,  1, 1,  1 , 1, 1,   1, 1, 1,  1,  1, 1, 1,  1, 1,  1,  1, 1,
							
							0, 1, 1,  1,  1, 1, 1,  1, 1,  1,  1, 1,   1, 1, 1,  1,  1, 1,   1,  1, 1,  1, 1, 1,    1, 1, 0,  1,  1, 1, 1,  1, 1,  1 , 1, 1,   1, 1, 1,  1,  1, 1, 1,  1, 1,  1,  1, 1,
							0, 1, 1,  1,  1, 1, 1,  1, 1,  1,  1, 1,   1, 1, 1,  1,  1, 1,   1,  1, 1,  1, 1, 1,    1, 1, 0,  1,  1, 1, 1,  1, 1,  1 , 1, 1,   1, 1, 1,  1,  1, 1, 1,  1, 1,  1,  1, 1,
							0, 1, 1,  1,  1,13,11,  1, 1,  1,  1, 1,   1, 1, 1,  1,  1, 1,   1,  1, 1,  1, 1, 1,    1, 1, 0,  1,  1, 1, 1,  1, 1,  1 , 1, 1,   1, 1, 1,  1,  1, 1, 1,  1, 1,  1,  1, 1,
							0,11, 1,  1,  1, 1, 1,  1, 1,  1,  1, 1,  12, 1, 1,  1, 14, 1,  11,  1, 1,  1, 1, 1,    1, 1, 0,  1,  1, 1, 1,  1, 1,  1 , 1, 1,   1, 1, 1,  1,  1, 1, 1,  1, 1,  1,  1, 1,
							0, 1, 1,  1,  1, 1, 1,  1, 1,  1,  1, 1,   1, 1, 1,  1,  1, 1,   1,  1, 1,  1, 1, 1,    1, 1, 0,  1,  1, 1, 1,  1, 1,  1 , 1, 1,   1, 1, 1,  1,  1, 1, 1,  1, 1,  1,  1, 1,
							0, 1, 1, 11,  1, 1, 1,  1, 1,  1,  1, 1,   1, 1, 1,  1,  1, 1,   1,  1, 1, 11,14, 1,    1, 1, 0,  1,  1, 1, 1,  1, 1,  1 , 1, 1,   1, 1, 1,  1,  1, 1, 1,  1, 1,  1,  1, 1,
							0, 1, 1,  1,  1, 1, 1,  1, 1,  1,  1, 1,  13, 1, 1,  1, 11, 1,   1,  1, 1,  1, 1, 1,    1, 1, 0,  1,  1, 1, 1,  1, 1,  1 , 1, 1,   1, 1, 1,  1,  1, 1, 1,  1, 1,  1,  1, 1,
							0, 0, 0,  0,  0, 0, 0,  0, 0,  0,  0, 0,   0, 0, 0,  0,  0, 0,   0,  0, 0,  0, 0, 0,    0, 0, 0,  1,  1, 1, 1,  1, 1,  1 , 1, 1,   1, 1, 1,  1,  1, 1, 1,  1, 1,  1,  1, 1,
};



int level11[16][48] = {     0, 0, 0,  0,  0, 0, 0,  0, 0,  0,  0, 0,   0, 0, 0,  0,  0, 0,   0,  0, 0,  0, 0, 0,    0, 0, 0,  1,  1, 1, 1,  1, 1,  1 , 1, 1,   1, 1, 1,  1,  1, 1, 1,  1, 1,  1,  1, 1,
							0, 1, 0,  0,  0, 0, 0,  0, 0,  0,  5, 5,   1, 1, 1,  1,  0, 0,   1,  0, 1,  1, 1, 1,    1, 1, 0,  1,  1, 1, 1,  1, 1,  1 , 1, 1,   1, 1, 1,  1,  1, 1, 1,  1, 1,  1,  1, 1,
							0, 1, 0,  0,  0, 0, 0,  0, 1,  1,  5, 5,   7, 1, 1,  1,  0, 0,   1,  0, 1,  1, 1, 1,    1, 1, 0,  1,  1, 1, 1,  1, 1,  1 , 1, 1,   1, 1, 1,  1,  1, 1, 1,  1, 1,  1,  1, 1,
							0, 1, 0,  7,  1, 1, 1,  0, 1,  1,  6, 5,   5, 1, 1,  1,  0, 0,   1, 16, 1,  1, 7, 17,   1, 1, 0,  1,  1, 1, 1,  1, 1,  1 , 1, 1,   1, 1, 1,  1,  1, 1, 1,  1, 1,  1,  1, 1,
							0, 1, 0,  5,  0, 1, 1,  0, 1,  0,  1, 6,   5, 1, 1,  1,  0, 0,   1,  1, 1,  1, 5, 17,   1, 1, 0,  1,  1, 1, 1,  1, 1,  1 , 1, 1,   1, 1, 1,  1,  1, 1, 1,  1, 1,  1,  1, 1,
							0, 1, 0,  5,  0, 7, 1,  0, 1,  0,  0, 0,   0, 0, 0, 16,  0, 0,   1,  1, 1,  1, 5, 17,   1, 1, 0,  1,  1, 1, 1,  1, 1,  1 , 1, 1,   1, 1, 1,  1,  1, 1, 1,  1, 1,  1,  1, 1,
							0, 1, 1,  5,  0, 5, 1,  0, 1,  0,  1, 1,   1, 1, 1,  1,  1, 1,   1,  1, 1,  1, 5, 17,   1, 1, 0,  1,  1, 1, 1,  1, 1,  1 , 1, 1,   1, 1, 1,  1,  1, 1, 1,  1, 1,  1,  1, 1,
							0, 1, 0,  1,  0, 5, 5,  0, 1,  0,  1, 1,   1, 1, 1,  1,  1, 1,   1,  1, 1,  1, 1, 17,   1, 1, 0,  1,  1, 1, 1,  1, 1,  1 , 1, 1,   1, 1, 1,  1,  1, 1, 1,  1, 1,  1,  1, 1,
			
							0, 5, 0,  1,  0, 5, 5,  0, 1,  0,  1, 1,   1, 1, 1,  1,  1, 1,   5,  1, 1,  1, 1, 17,   1, 1, 0,  1,  1, 1, 1,  1, 1,  1 , 1, 1,   1, 1, 1,  1,  1, 1, 1,  1, 1,  1,  1, 1,
							0, 5, 0,  1,  0, 1, 5,  0, 1,  0,  1, 0,   0, 0,15,  0,  0, 0,   5,  1, 1,  1, 1, 17,   1, 1, 0,  1,  1, 1, 1,  1, 1,  1 , 1, 1,   1, 1, 1,  1,  1, 1, 1,  1, 1,  1,  1, 1,
							0, 5, 0,  1,  0, 1, 6,  0, 1,  1,  1, 0,   0, 0, 1,  1,  0, 0,   5,  1, 1,  1, 1, 17,   1, 1, 0,  1,  1, 1, 1,  1, 1,  1 , 1, 1,   1, 1, 1,  1,  1, 1, 1,  1, 1,  1,  1, 1,
							0, 6, 0,  1,  0, 1, 1,  0, 1,  1,  1, 0,   5, 5, 3,  1,  5, 0,   6,  1, 1,  1, 1, 17,   1, 1, 0,  1,  1, 1, 1,  1, 1,  1 , 1, 1,   1, 1, 1,  1,  1, 1, 1,  1, 1,  1,  1, 1,
							0, 0, 0,  1,  0, 1, 1,  0, 1,  0,  1, 0,   1, 0, 0,  0,  6, 0,   1, 15, 1,  1, 1, 17,   1, 1, 0,  1,  1, 1, 1,  1, 1,  1 , 1, 1,   1, 1, 1,  1,  1, 1, 1,  1, 1,  1,  1, 1,
							0, 0, 0,  1,  0, 1, 1,  0, 1,  0,  1, 0,   1, 0, 0,  0,  1, 0,   1,  0, 1,  1, 1, 17,   1, 1, 0,  1,  1, 1, 1,  1, 1,  1 , 1, 1,   1, 1, 1,  1,  1, 1, 1,  1, 1,  1,  1, 1,
							0, 1, 1,  1, 17, 1, 1,  1, 1,  0,  1, 1,   1, 4, 5,  5,  5, 0,   1,  0, 1,  1, 1, 0,    1,69, 0,  1,  1, 1, 1,  1, 1,  1 , 1, 1,   1, 1, 1,  1,  1, 1, 1,  1, 1,  1,  1, 1,
							0, 0, 0,  0,  0, 0, 0,  0, 0,  0,  0, 0,   0, 0, 0,  0,  0, 0,   0,  0, 0,  0,  0, 0,   0, 0, 0,  1,  1, 1, 1,  1, 1,  1 , 1, 1,   1, 1, 1,  1,  1, 1, 1,  1, 1,  1,  1, 1,
};



int level12AI[16][48] = {    0, 0, 0,  0,  0, 0, 0,  0, 0,  0,  0, 0,   0, 0, 0,  0,  0, 0,   0,  0, 0,  0, 0, 0,    0, 0, 0,  0,  0, 0, 0,  0, 0,  0,  0, 0,   0, 0, 0,  0,  0, 0, 0,  0, 0,  0,  0, 0,
							0, 1, 1,  1,  1, 1, 1,  1, 1,  1,  1, 1,   0, 1, 1,  1,  1, 1,   1,  1, 1,  1, 1, 1,    1, 1, 0,  1,  1, 1, 1,  1, 1,  1 , 0, 1,   1, 1, 1,  1,  1, 1, 1,  1, 1,  1,  1, 0,
							0, 0, 0,  0,  0, 0, 0,  1, 1,  1,  1, 1,   0, 1, 1,  1,  1, 1,   1,  1, 0,  0, 0, 0,    0, 0, 0,  1,  1, 1, 1,  1, 1,  1 , 0, 1,   1, 1, 1,  1,  0, 0, 0,  0, 0,  0,  1, 0,
							0, 1, 0,  0,  1, 1, 1,  1, 1,  1,  1, 1,   1, 1, 1,  1,  1, 1,   1,  1, 0,  1, 1, 1,    1, 1, 0,  1,  1, 1, 1,  1, 1,  1 , 1, 1,   1, 1, 1,  1,  1, 1, 1,  1, 1,  1,  1, 0,
							0, 1, 0,  1,  0, 1, 1, 12,12, 12, 12,12,  12,12,12, 12, 12,12,  12, 12, 0,  1, 0,12,    0, 1, 0, 12, 12,12,12, 12,12, 12 ,12,12,  12,12,12, 12,  1, 0, 1,  1, 0,  1,  1, 0,
							0, 1, 0,  1,  1, 0, 1,  1, 1,  1,  1, 1,   1, 1, 1,  1,  1, 1,   1,  1, 1,  1, 0, 1,    0, 1, 0,  1,  1, 1, 1,  1, 1,  1 , 1, 1,   1, 1, 1,  1,  1, 1, 0,  0, 1,  1,  1, 0,
							0, 1, 0,  1,  1, 1, 0,  1, 1,  1,  1, 1,   1, 1, 1,  1,  1, 1,   1,  1, 0,  1, 0, 1,    0, 1, 0,  1,  1, 1, 1,  1, 1,  1 , 1, 1,   1, 1, 1,  1,  1, 1, 1,  1, 1,  1,  1, 0,
							0, 1, 0,  1,  1, 1, 0,  1, 1,  1,  1, 1,   1, 1, 1,  1,  1, 1,   1,  1, 0,  1, 0, 1,    0, 1, 0,  1,  1, 1, 1,  1, 1,  1 , 1, 1,   1, 1, 1,  1,  1, 0, 0,  0, 0,  1,  1, 0,	
							0, 1, 0,  1,  1, 1, 0,  1, 1,  1,  1, 1,   1, 1, 1,  1,  1, 1,   1,  1, 0,  1, 0, 1,    0, 1, 0,  1,  1, 1, 1,  1, 1,  1 , 1, 1,   1, 1, 1,  1,  1, 0, 0,  0, 0,  1,  1, 0,
							0, 1, 0,  1,  1, 1, 0,  1, 1,  1,  1, 1,   1, 1, 1,  1,  1, 1,   1,  1, 0,  1, 0, 1,    0, 1, 0,  1,  1, 1, 1,  1, 1,  1 , 1, 1,   1, 1, 1,  1,  1, 1, 1,  1, 1,  1,  1, 0,
							0, 1, 0,  1,  1, 0, 1,  1, 1,  1,  1, 1,   1, 1, 1,  1,  1, 1,   1,  1, 0,  1, 0, 1,    0, 1, 1,  1,  1, 1, 1,  1, 1,  1 , 1, 1,   1, 1, 1,  1,  1, 1, 0,  0, 1,  1,  1, 0,
							0, 1, 0,  1,  0, 1, 1, 11,11, 11, 11,11,  11,11,11, 11, 11,11,  11, 11, 0,  1, 0,11,    0, 1, 0, 11, 11,11,11, 11,11, 11 ,11,11,  11,11,11, 11,  1, 0, 1,  1, 0,  1,  1, 0,
							0, 1, 0,  0,  1, 1, 1,  1, 1,  1,  1, 1,   1, 1, 1,  1,  1, 1,   1,  1, 0,  1, 1, 1,    1, 1, 0,  1,  1, 1, 1,  1, 1,  1 , 1, 1,   1, 1, 1,  1,  1, 1, 1,  1, 1,  1,  1, 0,
							0, 1, 0,  0,  0, 0, 0,  1, 1,  1,  1, 1,   0, 1, 1,  1,  1, 1,   1,  1, 0,  0, 0, 0,    0, 0, 0,  1,  1, 1, 1,  1, 1,  1 , 0, 1,   1, 1, 1,  1,  0, 0, 0,  0, 0,  0,  1, 0,
							0, 1, 1,  1,  1, 1, 1,  1, 1,  1,  1, 1,   1, 1, 1,  1,  1, 1,   1,  1, 1,  1, 1, 1,    1, 1, 1,  1,  1, 1, 1,  1, 1,  1 , 1, 1,   1, 1, 1,  1,  1, 1, 1,  1, 1,  1,  1, 0,
							0, 0, 0,  0,  0, 0, 0,  0, 0,  0,  0, 0,   0, 0, 0,  0,  0, 0,   0,  0, 0,  0,  0, 0,   0, 0, 0,  0,  0, 0, 0,  0, 0,  0,  0, 0,   0, 0, 0,  0,  0, 0, 0,  0, 0,  0,  0, 0,
};




int level12[16][48] =  {	    0, 0, 0,  0,  0, 0, 0,  0, 0,  0,  0, 0,   0, 0, 0,  0,  0, 0,   0,  0, 0,  0, 0, 0,    0, 0, 0,  0,  0, 0, 0,  0, 0,  0,  0, 0,   0, 0, 0,  0,  0, 0, 0,  0, 0,  0,  0, 0,
							0, 1, 1,  1,  1, 1, 1,  1, 1,  1,  1, 1,   0, 1, 1,  1,  1, 1,   1,  1, 1,  1, 1, 1,    1, 1, 0,  1,  1, 1, 1,  1, 1,  1 , 0, 1,   1, 1, 1,  1,  1, 1, 1,  1, 1,  1,  1, 0,
							0, 0, 0,  0,  0, 0, 0,  1, 1,  1,  1, 1,   0, 1, 1,  1,  1, 1,   1,  1, 0,  0, 0, 0,    0, 0, 0,  1,  1, 1, 1,  1, 1,  1 , 0, 1,   1, 1, 1,  1,  0, 0, 0,  0, 0,  0,  1, 0,
							0,69, 0,  0,  1, 1, 1,  1, 1,  1,  1, 1,   1, 1, 1,  1,  1, 1,   1,  1, 0,  1, 1, 1,    1, 1, 0,  1,  1, 1, 1,  1, 1,  1 , 1, 1,   1, 1, 1,  1,  1, 1, 1,  1, 1,  1,  1, 0,
							0, 1, 0,  1,  0, 1, 1,  1, 1,  1,  1, 1,   1, 1, 1,  1,  1, 1,   1,  1, 0,  1, 0, 1,    0, 1, 0,  1,  1, 1, 1,  1, 1,  1 , 1, 1,   1, 1, 1,  1,  1, 0, 1,  1, 0,  1,  1, 0,
							0, 1, 0,  1,  1, 0, 1,  1, 1,  1,  1, 1,   1, 1, 1,  1,  1, 1,   1,  1, 1,  1, 0, 1,    0, 1, 0,  1,  1, 1, 1,  1, 1,  1 , 1, 1,   1, 1, 1,  1,  1, 1, 0,  0, 1,  1,  1, 0,
							0, 1, 0,  1,  1, 1, 0,  1, 1,  1,  1, 1,   1, 1, 1,  1,  1, 1,   1,  1, 0,  1, 0, 1,    0, 1, 0,  1,  1, 1, 1,  1, 1,  1 , 1, 1,   1, 1, 1,  1,  1, 1, 1,  1, 1,  1,  1, 0,
							0, 1, 0,  1,  1, 1, 0,  1, 1,  1,  1, 1,   1, 1, 1,  1,  1, 1,   1,  1, 0,  1, 0, 1,    0, 1, 0,  1,  1, 1, 1,  1, 1,  1 , 1, 1,   1, 1, 1,  1,  1, 0, 0,  0, 0,  1,  1, 0,	
							0, 1, 0,  1,  1, 1, 0,  6, 6,  6,  6, 6,   6, 6, 6,  6,  6, 6,   6,  6, 0,  1, 0, 6,    0, 1, 0,  6,  6, 6, 6,  6, 6,  6 , 6, 6,   6, 6, 6,  6,  1, 0, 0,  0, 0,  1,  1, 0,
							0, 1, 0,  1,  1, 1, 0,  1, 1,  1,  1, 1,   1, 1, 1,  1,  1, 1,   1,  1, 0,  1, 0, 1,    0, 1, 0,  1,  1, 1, 1,  1, 1,  1 , 1, 1,   1, 1, 1,  1,  1, 1, 1,  1, 1,  1,  1, 0,
							0, 1, 0,  1,  1, 0, 1,  1, 1,  1,  1, 1,   1, 1, 1,  1,  1, 1,   1,  1, 0,  1, 0, 1,    0, 1, 1,  1,  1, 1, 1,  1, 1,  1 , 1, 1,   1, 1, 1,  1,  1, 1, 0,  0, 1,  1,  1, 0,
							0, 1, 0,  1,  0, 1, 1,  1, 1,  1,  1, 1,   1, 1, 1,  1,  1, 1,   1,  1, 0,  1, 0, 1,    0, 1, 0,  1,  1, 1, 1,  1, 1,  1 , 1, 1,   1, 1, 1,  1,  1, 0, 1,  1, 0,  1,  1, 0,
							0, 1, 0,  0,  1, 1, 1,  1, 1,  1,  1, 1,   1, 1, 1,  1,  1, 1,   1,  1, 0,  1, 1, 1,    1, 1, 0,  1,  1, 1, 1,  1, 1,  1 , 1, 1,   1, 1, 1,  1,  1, 1, 1,  1, 1,  1,  1, 0,
							0, 1, 0,  0,  0, 0, 0,  1, 1,  1,  1, 1,   0, 1, 1,  1,  1, 1,   1,  1, 0,  0, 0, 0,    0, 0, 0,  1,  1, 1, 1,  1, 1,  1 , 0, 1,   1, 1, 1,  1,  0, 0, 0,  0, 0,  0,  1, 0,
							0, 1, 1,  1,  1, 1, 1,  1, 1,  1,  1, 1,   1, 1, 1,  1,  1, 1,   1,  1, 1,  1, 1, 1,    1, 1, 1,  1,  1, 1, 1,  1, 1,  1 , 1, 1,   1, 1, 1,  1,  1, 1, 1,  1, 1,  1, 18, 0,
							0, 0, 0,  0,  0, 0, 0,  0, 0,  0,  0, 0,   0, 0, 0,  0,  0, 0,   0,  0, 0,  0,  0, 0,   0, 0, 0,  0,  0, 0, 0,  0, 0,  0,  0, 0,   0, 0, 0,  0,  0, 0, 0,  0, 0,  0,  0, 0,
};

int level13AI[16][48] = {   0, 0, 0,  0,  0, 0, 0,  0, 0,  0,  0, 0,   0, 0, 0,  0,  0, 0,   0,  0, 0,  0, 0, 0,    0, 0, 0,  0,  0, 0, 0,  0, 0,  0,  0, 0,   0, 0, 0,  0,  0, 0, 0,  0, 0,  0,  0, 0,
							0, 1, 1,  1, 12, 1, 1, 14, 1,  1,  1, 1,   1, 1, 1, 12,  1, 1,   1,  1, 1,  1,14, 1,    1, 1,13,  1, 12, 1, 1,  1, 1,  1 ,13, 1,   1, 1, 12,  1,  1, 1, 1,  1, 1,  1,  1, 0,
							0, 1, 1,  1,  1, 1, 1,  1, 1,  1,  1, 1,   1, 1, 1,  1, 12,1,   1,  1, 1, 14, 1, 1,     1, 1, 1,  1,  1, 1, 1,  1, 1,  1 , 1, 1,   1, 1, 1,  1,  1, 1, 1,  1, 1,  1,  1, 0,
							0, 1, 1,  1, 13, 1, 1, 11, 1,  1,  1, 1,   1, 1, 1,  1,  1, 1,   1,  1, 1,  1, 1, 1,    1, 1, 1,  1,  1, 1, 1,  1, 1,  1 , 1, 1,   1, 1, 1,  1,  1, 13, 1,  1, 1, 12,  1, 0,
							0, 1, 1,  1,  1, 1, 1,  1, 1,  1,  1, 1,   1, 1, 1,  1,  1, 1,   1,  1, 1,  1, 1, 1,    1, 1, 1,  1,  1, 1, 1,  1, 1,  1 , 1, 1,   1, 1, 1,  1,  1, 1, 1,  1, 1,  1,  1, 0,
							0, 1, 1, 12,  1, 1, 1, 14, 1,  1,  1, 1,   1, 1, 1,  1,  1, 1,   1,  1, 1,  1, 1, 1,    1, 1, 1,  1,  1, 1, 1,  1, 1,  1 , 1, 1,   1, 1, 1,  1,  1, 1, 1,  1, 1,  1,  1, 0,
							0,12, 1,  1,  1, 1, 1,  1, 1,  1,  1, 1,   1, 1, 1,  1, 13, 1,   1,  1, 1, 11, 1, 1,    1, 1, 1,  1, 13, 1, 1,  1, 1,  1 ,11, 1,   1, 1, 13,  1,  1,11, 1,  1, 1,  1,  1, 0,
							0, 1, 1,  1,  1, 1, 1,  1, 1,  1,  1, 1,   1, 1, 1, 13,  1, 1,   1,  1, 1,  1,11, 1,    1, 1,11,  1,  1, 1, 1,  1, 1,  1 , 1, 1,   1, 1, 1,  1,  1, 1, 1,  1, 1, 14,  1, 0,
							
							0, 1, 1,  1,  1, 1, 1,  1, 1,  1,  1, 1,   1, 1, 1,  1,  1, 1,   1,  1, 1,  1, 1, 1,    1, 1, 1,  1,  1, 1, 1,  1, 1,  1 , 1, 1,   1, 1, 1,  1,  1, 1, 1,  1, 1,  1,  1, 0,
							0,11, 1, 13,  1, 1, 1, 11, 1,  1,  1, 1,   1, 1, 1,  1,  1, 1,   1, 12, 1,  1, 1, 1,    1, 1,12,  1,  1, 1, 1, 14,13,  1 , 1, 1,   1,12, 1,  1,  1,13, 1,  1,14,  1,  1, 0,
							0, 1, 1,  1,  1, 1, 1,  1, 1,  1,  1, 1,   1, 1, 1,  1,  1, 1,   1,  1, 1,  1, 1, 1,    1, 1, 1,  1,  1, 1, 1,  1, 1,  1 , 1, 1,   1, 1, 1, 13,  1, 1, 1, 14, 1,  1,  1, 0,
							0, 1, 13, 1,  1, 12,1,  1, 1,  1,  1, 1,   1, 1, 1,  1,  1, 1,   1,  1, 1,  1, 1, 1,    1, 1, 1,  1,  1, 1, 1,  1, 1,  1 , 1, 1,   1, 1, 1,  1, 13, 1, 1,  1,14,  1,  1, 0,
							0, 1, 11, 1,  1, 14,1,  1, 1,  1,  1, 1,   1, 1, 1,  1,  1, 1,   1, 11, 1,  1, 1, 1,    1, 1, 1,  1,  1, 1, 1,  1, 1,  1 , 1, 1,   1, 1, 1,  1,  1,13, 1,  1, 1, 14,  1, 0,
							0, 1, 1,  1,  1, 1, 1,  1, 1,  1,  1, 1,   1, 1, 1,  1,  1, 1,   1,  1, 1,  1, 1, 1,    1, 1, 1,  1,  1, 1, 1,  1, 1,  1 , 1, 1,   1, 1, 1,  1,  1, 1,13,  1, 1,  1, 14, 0,
							0, 1, 1,  1,  1, 1, 1,  1, 1,  1,  1, 1,   1, 1, 1,  13, 1, 1,   1,  1, 1,  1,14, 1,    1, 1,13,  1,  1, 1, 1, 11,11,  1 , 1, 1,   1,14, 1,  1,  1, 1, 1,  1, 1,  1,  1, 0,
							0, 0, 0,  0,  0, 0, 0,  0, 0,  0,  0, 0,   0, 0, 0,  0,  0, 0,   0,  0, 0,  0,  0, 0,   0, 0, 0,  0,  0, 0, 0,  0, 0,  0,  0, 0,   0, 0, 0,  0,  0, 0, 0,  0, 0,  0,  0, 0,
};
											
int level13[16][48] = {     0, 0, 0,  0,  0, 0, 0,  0, 0,  0,  0, 0,   0, 0, 0,  0,  0, 0,   0,  0, 0,  0, 0, 0,    0, 0, 0,  0,  0, 0, 0,  0, 0,  0,  0, 0,   0, 0, 0,  0,  0, 0, 0,  0, 0,  0,  0, 0,
							0, 1, 1,  0,  5, 3, 1,  5, 1,  1,  1, 1,   0, 0, 0,  5,  5, 3,   1,  1, 1,  1, 1, 1,    1, 1, 4,  5,  5, 5, 1,  1, 1,  1 , 4, 5,   5, 5, 1,  1,  1, 1, 1,  1, 1,  1,  1, 0,
							0, 1, 1,  0,  1, 0, 0,  5, 0,  1,  0, 1,   0, 1, 1,  5,  5, 5,   3,  1, 1,  1, 1, 0,    0, 1, 1,  0,  7, 1, 1,  1, 1,  1 , 1, 1,   1, 1, 1,  1,  1, 1, 1,  1, 1,  1,  1, 0,
							0, 1, 0,  0,  1, 1, 1,  6, 0,  1,  0, 1,   0, 1, 1,  1,  1, 0,   0,  0, 0,  1, 1, 0,    0, 1, 1,  0,  5, 1, 1,  1, 1,  1 , 5, 1,   1, 1, 1,  1,  1, 1, 4,  5, 5,  5,  1, 0,
							0, 1, 0,  0,  0, 1, 0,  0, 0,  1,  0, 1,   0, 1, 1,  1,  1, 0,   1,  1, 0,  1, 1, 0,    0, 1, 5,  0,  5, 1, 1,  1, 1,  1 , 5, 1,   1, 1, 1,  1,  1, 1, 1,  1, 1,  1,  1, 0,
							0, 5, 1,  1,  5, 5, 5,  3, 0,  1,  0, 1,   0,69, 1,  1,  1, 0,   0,  0, 0,  1, 1, 0,    0, 1, 5,  0,  5, 0, 0,  1, 1,  1 , 5, 1,   1, 1, 1,  1,  1, 1, 1,  1, 1,  1,  1, 0,
							0, 5, 0,  7,  0, 0, 0,  1, 0,  1,  0, 1,   0, 1, 1,  1,  1, 4,   5,  5, 5,  1, 1, 0,    0, 1, 5,  0,  1, 1, 4,  5, 5,  5 , 6, 1,   1, 1, 4, 5,  5, 5,1,  1, 1,  1,  1, 0,
							0, 5, 0,  5,  0, 0, 0,  1, 0,  1,  0, 1,   0, 1, 1,  1,  1, 1,   4,  5, 5,  5, 1, 0,    0, 1, 6,  1,  5, 5, 5,  3, 1,  1 , 1, 5,   5, 5, 3,  1,  1, 1, 5,  5, 5,  3,  1, 0,
					
							0, 6, 0,  5,  0, 0, 0,  1, 0,  1,  0, 1,   0, 0, 1,  0,  0, 0,   0,  0, 0,  0, 0, 0,    0, 0, 0,  0,  0, 0, 0,  0, 0,  0 , 0, 0,   0, 0, 0,  0,  0, 0, 0,  0, 1,  0,  0, 0,
							0, 1, 0,  5,  1, 1, 4,  5, 0,  1,  0, 1,   0, 0,15,  0,  0, 0,   0,  5, 1,  0, 0, 0,    1, 1, 1,  5,  5, 5, 3,  1, 1,  4 , 5, 5,   5, 1, 1,  1,  1, 1, 5,  5, 5,  3,  1, 0,
							0, 0, 0,  0,  0, 0, 0,  0, 0,  1,  0, 1,   0, 0, 1,  1,  1, 0,   1,  5, 1,  0, 1, 1,    1, 1, 7,  0,  0, 0, 0,  5, 5,  0 , 0, 0,   0, 7, 1,  5,  5, 5, 3,  1, 1,  1,  1, 0,
							0, 1, 4,  5,  5, 5, 1,  1, 1,  1,  0, 1,   1, 1, 1,  1,  1,18,   1,  5, 1,  0, 1, 0,    1, 1, 5,  0,  1, 1, 1,  5, 5,  1 , 1, 1,   0, 5, 1,  1,  5, 5, 5,  3, 1,  1,  1, 0,
							0, 1, 5,  5,  5, 3, 1,  1, 0,  1,  0, 1,  17, 1, 1,  1,  1, 1,   0,  6, 1,  0, 1, 0,    1, 1, 5,  0,  1, 1, 0,  5, 5,  0 , 1, 1,   1, 5, 1,  1,  1, 5, 5,  5, 3,  1,  1, 0,
							0, 1, 0,  1,  1, 0, 1,  1, 0,  1,  0, 0,   0, 1, 1,  1,  1, 1,  18,  0, 1,  0, 1, 0,    1, 1, 5,  1,  1, 0, 0,  6, 6,  0 , 0, 0,   1, 5, 1,  1,  1, 1, 5,  5, 5,  3,  1, 0,
							0,17, 1,  1,  1, 1, 1,  1, 1,  1,  1, 1,   1, 1, 1,  1,  1, 1,   1,  1, 1,  1, 1, 0,    1, 1, 1,  4,  5, 5, 5,  1, 1,  5 , 5, 5,   3, 1, 1,  1,  1, 1, 1,  1, 1,  1,  1, 0,
							0, 0, 0,  0,  0, 0, 0,  0, 0,  0,  0, 0,   0, 0, 0,  0,  0, 0,   0,  0, 0,  0, 0, 0,    0, 0, 0,  0,  0, 0, 0,  0, 0,  0,  0, 0,   0, 0, 0,  0,  0, 0, 0,  0, 0,  0,  0, 0,
};

int level14AI[16][48] = {   0, 0, 0,  0,  0, 0, 0,  0, 0,  0,  0, 0,   0, 0, 0,  0,  0, 0,   0,  0, 0,  0, 0, 0,    0, 0, 0,  0,  0, 0, 0,  0, 0,  0,  0, 0,   0, 0, 0,  0,  0, 0, 0,  0, 0,  0,  0, 0,
							0, 1, 1,  0, 12, 1, 1,  1, 1, 14,  1, 1,   1, 1, 0, 13,  1, 3,   1, 14,12,  1, 1, 1,    1,13, 1,  4,  1,14, 1,  0, 1,  1 , 1, 1,   1, 1, 1,  1, 12, 1, 1,  1, 1, 14,  1, 0,
							0, 1, 1,  0,  1, 0, 0,  0, 1,  1,  1, 0,   0, 1, 0, 12,  0, 1,   0,  0, 1,  0, 1, 0,    0, 1, 0,  1,  1, 0, 1,  0, 1,  1 , 1, 0,   0, 1, 1,  0,  1, 0, 0,  0, 1,  1,  1, 0,
							0, 1, 0,  1, 13, 1, 1,  1, 1, 11,  1, 0,   0, 1, 0,  1,  1, 1,   1,  1, 6,  0, 1, 0,    0, 1, 0,  1,  1, 1,13,  1, 3,  1 ,14, 0,   0, 0, 0,  1, 13, 1, 1,  1, 1, 11,  1, 0,
							0, 1, 1,  1,  1, 0, 0,  1, 0,  1,  1, 0,   0, 1, 0,  7,  1, 1,   1,  1, 1,  0, 1, 0,    0,13, 1,  4,  1,14, 1,  0, 1,  1,  1, 0,   0, 1, 1,  1,  1, 0, 0,  1, 0,  1,  1, 0,
							0, 1, 1,  0,  0, 1, 1,  1, 0,  0,  1, 0,   0, 1, 0,  1,  0, 0,   1,  0,11,  0, 1, 0,    0, 1, 0,  0,  0, 1, 1,  0, 1,  1,  1, 0,   0, 1, 1,  0,  0, 1, 1,  1, 0,  0,  1, 0,
							0, 1, 1, 13,  1, 1, 1, 14, 1,  0,  1, 0,   0, 1, 1, 11, 13, 1,   4,  1,14,  0, 1, 0,    0, 1, 0,  1, 13, 1, 3,  1,14,  1,  1, 0,   0, 1, 1, 13,  1, 1, 1, 14, 1,  0,  1, 0,
							0, 0, 0,  0,  0, 0, 0,  0, 0,  0,  0, 0,   0, 0, 0,  0,  0, 0,   0,  0, 0,  0, 0, 0,    0, 0, 0,  0,  0, 0, 0,  0, 0,  0,  0, 0,   0, 1, 1,  1,  1, 1, 1,  1,12,  1,  1, 0,
							
							0, 0, 0,  0,  0, 0, 0,  0, 0,  0,  0, 0,   0, 0, 0,  0,  0, 0,   0,  0, 0,  0,  0, 0,   0, 0, 0,  0,  0, 0, 0,  0, 0,  0,  0, 0,   0, 0, 0,  0,  0, 0, 1,  1,11,  1,  1, 0,
							0,69, 0,  1,  1, 1, 1,  1, 1,  1, 13, 1,   3, 1,14,  1, 12, 0,   0,  1,12,  1,  0, 0,  12, 1, 1,  0,  0, 0,12, 12, 1, 12,  1, 0,   0, 1, 1,  0, 12, 1, 1,  1, 1, 14,  1, 0,
							0, 1,12,  0, 13, 1, 3,  1,14,  0,  1,13,   1, 3, 1, 14,  1, 0,   0,  1, 1, 12,  1, 0,   6, 1, 1, 12,  1,12, 6,  6, 1,  6,  1, 0,   0, 1, 1,  0,  1, 0, 0,  0, 1,  1,  1, 0,
							0, 1, 1,  1,  0, 1, 1,  1, 0, 13,  1, 3,   1,14, 1,  1,  6, 0,   0,  1, 6,  6, 12,12,  11, 1, 1,  1, 12, 1,11,  1, 1,  1,  1, 0,   0, 1, 0,  1, 13, 1, 1,  1, 1, 11,  1, 0,
							0, 1, 6, 13,  1, 3, 1,  1, 1, 14,  1, 1,   1, 1, 0,  1,  1, 0,   0,  1,11,  1,  6, 1,   0, 0, 1,  6,  6, 6, 1, 11, 1, 11,  1, 0,   0, 1, 1,  1,  1, 0, 0,  1, 0,  1,  1, 0,
							0, 1, 1,  1,  1, 0, 0,  0, 0,  0,  1, 1,   1, 1, 0,  1, 11, 0,   0,  1, 1, 11, 11, 6,   0, 1, 1, 11,  1,11, 0,  0, 0,  0,  1, 0,   0, 1, 1,  0,  0, 1, 1,  1, 0,  0,  1, 0,
							0, 1,11,  1,  0,13, 1,  3, 1, 14,  1, 1,   1, 1, 1,  0,  1, 1,   1,  1, 1,  1,  1,11,   0, 1, 0,  1, 11, 1, 1,  1, 1,  0,  1, 1,   1, 1, 1, 13,  1, 1, 1, 14, 1,  0,  1, 0,
							0, 0, 0,  0,  0, 0, 0,  0, 0,  0,  0, 0,   0, 0, 0,  0,  0, 0,   0,  0, 0,  0,  0, 0,   0, 0, 0,  0,  0, 0, 0,  0, 0,  0,  0, 0,   0, 0, 0,  0,  0, 0, 0,  0, 0,  0,  0, 0,
};


int level14[16][48] = {     0, 0, 0,  0,  0, 0, 0, 0, 0,  0,   0, 0,   0, 0, 0,  0,  0, 0,   0,  0, 0,  0,  0, 0,   0, 0, 0,  0,  0, 0, 0,  0, 0,  0,  0, 0,   0, 0, 0,  0,  0, 0, 0,  0, 0,  0,  0, 0,
							0, 1, 1,  0,  5, 5, 5, 3, 1,  5,   1, 1,   1, 1, 0,  1,  1, 3,   1,  1, 1,  1,  1, 1,   1, 1, 1,  4,  1, 1, 1,  0, 1,  1,  1,1,    1, 1, 5, 5, 5,  3,  1,  1, 1,  5,  1, 0,
							0, 1, 1,  0,  1, 0, 0, 0, 1,  5,   1, 0,   0, 1, 0,  1,  0, 1,   0,  0, 1,  0,  1, 0,   0, 1, 0,  1,  1, 0, 1,  0, 1,  1,  1, 0,   0, 1, 1,  0,  1, 0, 0,  0, 1,  5,  1, 0,
							0, 1, 0,  1,  4, 5, 5, 5, 1,  6,   1, 0,   0, 1, 0,  1,  1, 1,   1,  1, 6,  0,  1, 0,   0, 1, 0,  1,  1, 0, 1,  1, 3,  1,  1, 0,   0, 0, 0,  1,  4, 5, 5,  5, 1,  6,  1, 0,
							0, 1, 1,  1,  1, 0, 0, 1, 0,  1,   1, 0,   0, 1, 0,  7,  1, 1,   1,  1, 1,  0,  1, 0,   0, 1, 1,  4,  1, 1, 1,  0, 1,  1,  1, 0,   0, 1, 1,  1,  1, 0, 0,  1, 0,  1,  1, 0,
							0, 1, 1,  0,  0, 1, 1, 1, 0,  0,   1, 0,   0, 1, 0,  1,  0, 0,   1,  0, 1,  0,  1, 0,   0, 1, 0,  0,  0, 0, 1,  0, 1,  1,  1, 0,   0, 1, 1,  0,  0, 1, 1,  1, 0,  0,  1, 0,
							0, 1, 1,  1,  1, 5, 5, 5, 3,  0,   1, 0,   0, 1, 1,  1,  1, 1,   4,  1, 1,  0,  1, 0,   0, 1, 0,  1,  1, 1, 3,  1, 1,  1,  1, 0,   0, 1, 1,  1,  1, 5, 5,  5, 3,  0,  1, 0,
							0, 0, 0,  0,  0, 0, 0, 0, 0,  0,   0, 0,   0, 0, 0,  0,  0, 0,   0,  0, 0,  0,  0, 0,   0, 0, 0,  0,  0, 0, 0,  0, 0,  0,  0, 0,   0, 1, 1,  1,  1, 1, 1,  1, 1,  1,  1, 0,
							
							0, 0, 0,  0,  0, 0, 0, 0, 0,  0,   0, 0,   0, 0, 0,  0,  0, 0,   0,  0, 0,  0,  0, 0,   0, 0, 0,  0,  0, 0, 0,  0, 0,  0,  0, 0,   0, 0, 0,  0,  0, 0, 1,  1, 6,  1,  1, 0,
							0,69, 0,  1,  1, 1, 1, 1, 1,  1,   1, 1,   3,  1, 1,  1, 1, 0,   0,  1, 1,  1,  0, 0,   1, 1, 1,  0,  0, 0, 1,  1, 1,  1,  1, 0,   0, 1, 1,  0,  5, 5, 5,  3, 1,  5,  1, 0, 
							0, 1, 1,  0,  1, 1, 3, 1, 1,  0,   1, 1,   1,  3, 1,  1, 1, 0,   0,  1, 1,  1,  1, 0,   6, 1, 1,  1,  1, 1, 6,  6, 1,  6,  1, 0,   0, 1, 1,  0,  1, 0, 0,  0, 1,  5,  1, 0, 
							0, 1, 1,  1,  0, 1, 1, 1, 0,  1,   1, 3,   1,  1, 1,  1, 6, 0,   0,  1, 6,  1,  1, 1,   1, 1, 1,  1,  1, 1, 1,  1, 1,  1,  1, 0,   0, 1, 0,  1,  1, 4, 5, 5,  5,  6,  1, 0,
							0, 1, 6,  1,  1, 3, 1, 1, 1,  1,   1, 1,   1,  1, 0,  1, 1, 0,   0,  1, 1,  1,  6, 1,   0, 0, 1,  6,  6, 1, 1,  1, 1,  1,  1, 0,   0, 1, 1,  1,  1, 0, 0,  1, 0,  1,  1, 0,
							0, 1, 1,  1,  1, 0, 0, 0, 0,  0,   1, 1,   1,  1, 0,  1, 1, 0,   0,  1, 1,  1,  1, 6,   0, 1, 1,  1,  1, 1, 0,  0, 0,  0,  1, 0,   0, 1, 1,  0,  0, 1, 1,  1, 0,  0,  1, 0,
							0, 1, 1,  1,  0, 1, 1, 3, 1,  1,   1, 1,   1,  1, 1,  0, 1, 1,   1,  1, 1,  1,  1, 1,   0, 1, 0,  1,  1, 1, 1,  1, 1,  0,  1, 1,   1, 1, 1,  1,  1, 5, 5,  5, 3,  0,  1, 0, 
							0, 0, 0,  0,  0, 0, 0, 0, 0,  0,   0, 0,   0, 0, 0,  0,  0, 0,   0,  0, 0,  0,  0, 0,   0, 0, 0,  0,  0, 0, 0,  0, 0,  0,  0, 0,   0, 0, 0,  0,  0, 0, 0,  0, 0,  0,  0, 0, 
};

int level15AI[16][48] = {  	0, 0, 0,  0,  0, 0, 0,  0, 0,  0,  0, 0,   0, 0, 0,  0,  0, 0,   0,  0, 0,  0, 0, 0,    0, 0, 0,  0,  0, 0, 0,  0, 0,  0,  0, 0,   0, 0, 0,  0,  0, 0, 0,  0, 0,  0,  0, 0,
			
				0, 1, 1,  0,  1, 1, 0, 13, 1,  3,  1,14,   1, 1, 1,  1,  1, 1,   1,  1, 1,  1, 1, 1,    1, 1, 1,  1,  1, 1, 1,  1, 1,  1,  1, 1,   1, 1, 1,  1,  1, 1, 1,  1, 1,  1,  1, 0,
			
				0, 1, 1,  0,  1, 1, 0,  1, 1,  1,  0, 0,   1,12, 1, 12,  1,12,   1, 12, 1, 12, 1,12,    1,12, 1, 12,  1,12, 1, 12, 1, 12,  1,12,   1, 0,17,  1,  1, 1, 1,  1, 1,  1,  1, 0,
			
				0, 1, 1,  0,  1, 1, 0,  1, 1,  1,  0, 0,  12, 1, 12, 1, 12, 1,  12,  1,12,  1,12, 1,   12, 1,12,  1, 12, 1,12,  1,12,  1, 12, 1,  12, 0, 1,  1,  1, 1, 1,  1, 1,  1, 18, 0,
			
				0,13, 1,  3,  1,14, 0,  1, 1,  1,  0, 0,   6, 6, 6,  6,  6, 6,   6,  6, 6,  6, 6, 6,    6, 6, 6,  6,  6, 6, 6,  6, 6,  6,  6, 6,   6, 0,17,  1,  1, 1, 1,  1, 1,  1,  1, 0,
			
				0, 1, 1,  0, 13, 1, 4,  1,14,  1,  0, 0,   1, 1, 1,  1,  1, 1,   1,  1, 1,  1, 1, 1,    1, 1, 1,  1,  1, 1, 1,  1, 1,  1,  1, 1,   1, 0, 1,  1,  1, 1, 1,  1, 1,  1, 18, 0,
				
				0, 1, 1,  0,  1, 1, 0,  1, 1,  1,  0, 0,   1, 1, 1,  1,  1, 1,   1,  1, 1,  1, 1, 1,    1, 1, 1,  1,  1, 1, 1,  1, 1,  1,  1, 1,   1, 0,17,  1,  1, 1, 1,  1, 1,  1,  1, 0,
					
				0, 1, 1,  0, 13, 1, 4,  1, 1, 14,  0, 0,  11,11,11, 11, 11,11,   11,11,11, 11,11,11,   11,11,11, 11, 11,11,11, 11,11, 11, 11,11,  11, 0, 1,  1,  1, 1, 1,  1, 1,  1, 18, 0,
							
							0, 0, 0,  0,  0, 0, 0,  0, 0,  0,  0, 0,   1, 1, 1,  1,  1, 1,   1,  1, 1,  1, 1, 1,    1, 1, 1,  1,  1, 1, 1,  1, 1,  1,  1, 1,   1, 0,13,  1,  1, 1, 3,  1, 1,  1, 14, 0,
							0,69, 1,  1, 13, 1, 3,  1,14,  1,  1, 0,   1, 1, 1,  1,  1, 1,   1,  1, 1,  1, 1, 1,    1, 1, 1,  1,  1, 1, 1,  1, 1,  1,  1, 1,   1, 0,13,  1,  1, 1, 1,  1, 3,  1, 14, 0,
							0, 1, 1,  1,  1, 1, 1,  1, 1,  1,  1, 0,   0, 0, 0,  0,  0, 0,   0,  0, 0,  0, 0, 0,    0, 0, 0,  0,  0, 0, 0,  0, 0,  0,  0, 0,   0, 0,13,  1,  1, 1, 1,  1, 1,  3, 14, 0,
							0, 1, 1, 13,  1, 3, 1, 14, 1,  1,  1, 1,  13, 1, 3,  1, 14, 1,   1,  1, 1,  1, 1, 1,    1, 1, 1,  1,  1, 1, 1,  1, 1,  1,  1, 1,   1, 1, 1,  1,  1, 1,13,  1, 3,  1, 14, 0,
							0, 1, 1,  1,  1, 1, 1,  1, 1,  1,  1, 1,  13, 1, 3,  1, 14, 1,   1,  1, 1,  1, 1, 1,   13, 1, 3,  1, 14, 1, 1,  1, 1,  				1,  1, 1,  13, 1, 3,  1, 14, 1, 1,  1, 1,  1,  1, 0,
						
				0,13, 1,  3,  1,14, 1,  1, 1,  1,  1, 1,   1, 1, 1,  1,  1, 1,   1, 13, 1,  3, 1,14,    1, 1, 1,  1,  1, 1, 1, 13, 1,  3,  1,14,   1, 1, 1,  1,  1, 1, 1,  1, 1,  1,  1, 0,
			
				0, 1, 1,  1,  1, 1, 1,  1, 1,  1,  1, 1,  13, 1, 3,  1, 14, 1,   1,  1, 1,  1, 1, 1,    1, 1, 1,  1,  1, 1, 1,  1, 1,  1,  1, 1,  13, 1, 3,  1, 14, 1, 1,  1, 1,  1,  1, 0,
				
				0, 0, 0,  0,  0, 0, 0,  0, 0,  0,  0, 0,   0, 0, 0,  0,  0, 0,   0,  0, 0,  0, 0, 0,    0, 0, 0,  0,  0, 0, 0,  0, 0,  0,  0, 0,   0, 0, 0,  0,  0, 0, 0,  0, 0,  0,  0, 0,														


};






int level15[16][48] = {		0, 0, 0,  0,  0, 0, 0,  0, 0,  0,  0, 0,   0, 0, 0,  0,  0, 0,   0,  0, 0,  0, 0, 0,    0, 0, 0,  0,  0, 0, 0,  0, 0,  0,  0, 0,   0, 0, 0,  0,  0, 0, 0,  0, 0,  0,  0, 0,
							0, 1, 1,  0,  1, 1, 0,  1, 1,  3,  1, 0,   1, 1, 1,  1,  1, 1,   1,  1, 1,  1, 1, 1,    1, 1, 1,  1,  1, 1, 1,  1, 1,  1 , 1, 1,   1, 1, 1,  1,  1, 1, 1,  1, 1,  1,  1, 0,
							0, 1, 1,  0,  1, 1, 0,  1, 1,  1,  0, 0,   1, 1, 1,  1,  1, 1,   1,  1, 1,  1, 1, 1,    1, 1, 1,  1,  1, 1, 1,  1, 1,  1 , 1, 1,   1, 0,17,  1,  1, 1, 1,  1, 1,  1,  1, 0,
							0, 1, 1,  0,  1, 1, 0,  1, 1,  1,  0, 0,   1, 1, 1,  1,  1, 1,   1,  1, 1,  1, 1, 1,    1, 1, 1,  1,  1, 1, 1,  1, 1,  1 , 1, 1,   1, 0, 1,  1,  1, 1, 1,  1, 1,  1, 18, 0,
							0, 1, 1,  3,  1, 1, 0,  1, 1,  1,  0, 0,   6, 6, 6,  6,  6, 6,   6,  6, 6,  6, 6, 6,    6, 6, 6,  6,  6, 6, 6,  6, 6,  6,  6, 6,   6, 0,17,  1,  1, 1, 1,  1, 1,  1,  1, 0,
							0, 1, 1,  0,  1, 1, 4,  1, 1,  1,  0, 0,   1, 1, 1,  1,  1, 1,   1,  1, 1,  1, 1, 1,    1, 1, 1,  1,  1, 1, 1,  1, 1,  1 , 1, 1,   1, 0, 1,  1,  1, 1, 1,  1, 1,  1, 18, 0,
							0, 1, 1,  0,  1, 1, 0,  1, 1,  1,  0, 0,   1, 1, 1,  1,  1, 1,   1,  1, 1,  1, 1, 1,    1, 1, 1,  1,  1, 1, 1,  1, 1,  1 , 1, 1,   1, 0,17,  1,  1, 1, 1,  1, 1,  1,  1, 0,
							0, 1, 1,  0,  1, 1, 4,  1, 1,  1,  0, 0,   1, 1, 1,  1,  1, 1,   1,  1, 1,  1, 1, 1,    1, 1, 1,  1,  1, 1, 1,  1, 1,  1 , 1, 1,   1, 0, 1,  1,  1, 1, 1,  1, 1,  1, 18, 0,
							
							0, 0, 0,  0,  0, 0, 0,  0, 0,  0,  0, 0,   1, 1, 1,  1,  1, 1,   1,  1, 1,  1, 1, 1,    1, 1, 1,  1,  1, 1, 1,  1, 1,  1 , 1, 1,   1, 0, 1,  1,  1, 1, 3,  1, 1,  1,  1, 0,
							0,69, 1,  1,  1, 1, 3,  1, 1,  1,  1, 0,   1, 1, 1,  1,  1, 1,   1,  1, 1,  1, 1, 1,    1, 1, 1,  1,  1, 1, 1,  1, 1,  1 , 1, 1,   1, 0, 1,  1,  1, 1, 1,  1, 3,  1,  1, 0,
							0, 1, 1,  1,  1, 1, 1,  1, 1,  1,  1, 0,   0, 0, 0,  0,  0, 0,   0,  0, 0,  0, 0, 0,    0, 0, 0,  0,  0, 0, 0,  0, 0,  0 , 0, 0,   0, 0, 1,  1,  1, 1, 1,  1, 1,  3,  1, 0,
							0, 1, 1,  1,  1, 3, 1,  1, 1,  1,  1, 1,   1, 1, 3,  1,  1, 1,   1,  1, 1,  1, 1, 1,    1, 1, 1,  1,  1, 1, 1,  1, 1,  1 , 1, 1,   1, 1, 1,  1,  1, 1, 1,  1, 3,  1,  1, 0,
							0, 1, 1,  1,  1, 1, 1,  1, 1,  1,  1, 1,   1, 1, 3,  1,  1, 1,   1,  1, 1,  1, 1, 1,    1, 1, 3,  1,  1, 1, 1,  1, 1,  1 , 1, 1,   1, 1, 3,  1,  1, 1, 1,  1, 1,  1,  1, 0,
							0, 1, 1,  3,  1, 1, 1,  1, 1,  1,  1, 1,   1, 1, 1,  1,  1, 1,   1,  1, 1,  3, 1, 1,    1, 1, 1,  1,  1, 1, 1,  1, 1,  3 , 1, 1,   1, 1, 1,  1,  1, 1, 1,  1, 1,  1,  1, 0,
							0, 1, 1,  1,  1, 1, 1,  1, 1,  1,  1, 1,   1, 1, 3,  1,  1, 1,   1,  1, 1,  1, 1, 1,    1, 1, 1,  1,  1, 1, 1,  1, 1,  1 , 1, 1,   1, 1, 3,  1,  1, 1, 1,  1, 1,  1,  1, 0,
							0, 0, 0,  0,  0, 0, 0,  0, 0,  0,  0, 0,   0, 0, 0,  0,  0, 0,   0,  0, 0,  0,  0, 0,   0, 0, 0,  0,  0, 0, 0,  0, 0,  0,  0, 0,   0, 0, 0,  0,  0, 0, 0,  0, 0,  0,  0, 0,
};