int nishu[7][68] = {
 32, 32, 32, 32,219,219,187, 32, 32, 32,219,219,187, 32,219,219,219,219,219,219,187, 32,219,219,187, 32, 32, 32,219,219,187, 32, 32, 32, 32,219,219,187, 32, 32, 32, 32, 32, 32,219,219,219,219,219,219,187, 32,219,219,219,219,219,219,219,187,219,219,219,219,219,219,219,187,
 32, 32, 32, 32,200,219,219,187, 32,219,219,201,188,219,219,201,205,205,205,219,219,187,219,219,186, 32, 32, 32,219,219,186, 32, 32, 32, 32,219,219,186, 32, 32, 32, 32, 32,219,219,201,205,205,205,219,219,187,219,219,201,205,205,205,205,188,219,219,201,205,205,205,205,188,
 32, 32, 32, 32, 32,200,219,219,219,219,201,188, 32,219,219,186, 32, 32, 32,219,219,186,219,219,186, 32, 32, 32,219,219,186, 32, 32, 32, 32,219,219,186, 32, 32, 32, 32, 32,219,219,186, 32, 32, 32,219,219,186,219,219,219,219,219,219,219,187,219,219,219,219,219,187, 32, 32,
 32, 32, 32, 32, 32, 32,200,219,219,201,188, 32, 32,219,219,186, 32, 32, 32,219,219,186,219,219,186, 32, 32, 32,219,219,186, 32, 32, 32, 32,219,219,186, 32, 32, 32, 32, 32,219,219,186, 32, 32, 32,219,219,186,200,205,205,205,205,219,219,186,219,219,201,205,205,188, 32, 32,
 32, 32, 32, 32, 32, 32, 32,219,219,186, 32, 32, 32,200,219,219,219,219,219,219,201,188,200,219,219,219,219,219,219,201,188, 32, 32, 32, 32,219,219,219,219,219,219,219,187,200,219,219,219,219,219,219,201,188,219,219,219,219,219,219,219,186,219,219,219,219,219,219,219,187,
 32, 32, 32, 32, 32, 32, 32,200,205,188, 32, 32, 32, 32,200,205,205,205,205,205,188, 32, 32,200,205,205,205,205,205,188, 32, 32, 32, 32, 32,200,205,205,205,205,205,205,188, 32,200,205,205,205,205,205,188, 32,200,205,205,205,205,205,205,188,200,205,205,205,205,205,205,188,
 32, 32, 32, 32, 32, 32, 32, 32, 32, 32, 32, 32, 32, 32, 32, 32, 32, 32, 32, 32, 32, 32, 32, 32, 32,84,104,101, 32,108,101,118,101,108, 32, 104, 97,115, 32, 98,101,101,110, 32,114,101,115,101,116, 32, 32, 32, 32, 32, 32, 32, 32, 32, 32, 32, 32, 32, 32, 32, 32, 32, 32, 32,
 };


 int niyin[7][58]={
 32, 32, 32, 32,219,219,187, 32, 32, 32,219,219,187, 32,219,219,219,219,219,219,187, 32,219,219,187, 32, 32, 32,219,219,187, 32, 32, 32, 32,219,219,187, 32, 32, 32, 32,219,219,187,219,219,187,219,219,219,187, 32, 32, 32,219,219,187,
 32, 32, 32, 32,200,219,219,187, 32,219,219,201,188,219,219,201,205,205,205,219,219,187,219,219,186, 32, 32, 32,219,219,186, 32, 32, 32, 32,219,219,186, 32, 32, 32, 32,219,219,186,219,219,186,219,219,219,219,187, 32, 32,219,219,186,
 32, 32, 32, 32, 32,200,219,219,219,219,201,188, 32,219,219,186, 32, 32, 32,219,219,186,219,219,186, 32, 32, 32,219,219,186, 32, 32, 32, 32,219,219,186, 32,219,187, 32,219,219,186,219,219,186,219,219,201,219,219,187, 32,219,219,186,
 32, 32, 32, 32, 32, 32,200,219,219,201,188, 32, 32,219,219,186, 32, 32, 32,219,219,186,219,219,186, 32, 32, 32,219,219,186, 32, 32, 32, 32,219,219,186,219,219,219,187,219,219,186,219,219,186,219,219,186,200,219,219,187,219,219,186,
 32, 32, 32, 32, 32, 32, 32,219,219,186, 32, 32, 32,200,219,219,219,219,219,219,201,188,200,219,219,219,219,219,219,201,188, 32, 32, 32, 32,200,219,219,219,201,219,219,219,201,188,219,219,186,219,219,186, 32,200,219,219,219,219,186,
 32, 32, 32, 32, 32, 32, 32,200,205,188, 32, 32, 32, 32,200,205,205,205,205,205,188, 32, 32,200,205,205,205,205,205,188, 32, 32, 32, 32, 32, 32,200,205,205,188,200,205,205,188, 32,200,205,188,200,205,188, 32, 32,200,205,205,205,188,
 32, 32, 32, 32, 32, 32, 32, 32, 32, 32, 32, 32, 80,114,101,115,115, 32, 69, 83, 67, 32,116,111, 32,101,120,105,116, 32,116,111, 32, 76,101,118,101,108, 32, 83,101,108,101, 99,116, 32,115, 99,114,101,101,110, 32, 32, 32, 32, 32, 32,
 };

